genename	1600322-1-LK524-KO--C76-1_S16	1600322-2-LK524-KO--C14-1_S9	1600322-3-LK524-KO--C34-1_S15	1600322-6-LK524-KO--C89-1_S11	1600322-7-LK524-KO--C25-1_S5	LK1349_KO__C45_1_S9	LK1349_KO__C48_1_S12	LK1349_KO__C86_1_S8	LK524-KO-C01-1_S3	LK524-KO-C67-1_S6	1600322-4-LK524-KO--C16-1_S13	LK1349_KO__C22_1_S5	LK1349_KO__C23_1_S4	LK1349_KO__C34_1_S7	LK1349_KO__C46_1_S11	LK1349_KO__C49_1_S15	LK1349_KO__C61_1_S1	LK1349_KO__C64_1_S3	LK1349_KO__C93_1_S10	LK524-KO-C07-1_S14	LK524-KO-C13-1_S9	LK524-KO-C33-1_S1	mutatedSamples	mutatedSamplesFrc
Kdm3a	0	0.333333333333333	0	0.333333333333333	0	0	0	0	0	0	0	0	0	0	0	0	0	0.333333333333333	0	0.333333333333333	0.333333333333333	0	5	0.227272727272727
Cped1	0	0.2	0.2	0	0	0.2	0	0	0	0	0	0	0	0	0	0	0	0	0	0	0	0.2	4	0.181818181818182
Larp1b	0	0.25	0	0	0	0.25	0	0	0.25	0	0	0	0	0	0	0	0	0	0.25	0	0	0	4	0.181818181818182
Huwe1	0	0	0.0909090909090909	0	0	0	0.0909090909090909	0	0	0	0	0	0	0	0	0	0	0.0909090909090909	0	0.0909090909090909	0	0	4	0.181818181818182
Aspm	0	0	0	0.2	0	0.2	0	0	0	0	0	0	0	0	0	0.2	0	0	0	0.2	0	0	4	0.181818181818182
Cop1	0	0.285714285714286	0	0	0	0	0	0	0	0	0	0	0.142857142857143	0	0	0	0	0	0	0.142857142857143	0	0	3	0.136363636363636
Psme4	0.125	0.125	0	0	0	0	0	0	0	0	0	0	0	0	0.125	0	0	0	0	0	0	0	3	0.136363636363636
C2cd6	0	0.333333333333333	0	0.333333333333333	0	0	0	0	0	0	0	0	0	0	0	0	0	0	0	0	0	0.333333333333333	3	0.136363636363636
Epp13	0	0.2	0	0	0	0	0	0	0.2	0.2	0	0	0	0	0	0	0	0	0	0	0	0	3	0.136363636363636
Gm10823	0	1	0	0	0	0	0	0	0	0	0	1	0	0	0	0	0	1	0	0	0	0	3	0.136363636363636
Ubr3	0	0.25	0	0.25	0	0.25	0	0	0	0	0	0	0	0	0	0	0	0	0	0	0	0	3	0.136363636363636
Prkd1	0	0	0.333333333333333	0	0	0	0.333333333333333	0	0	0	0	0.333333333333333	0	0	0	0	0	0	0	0	0	0	3	0.136363636363636
Dclk1	0	0	0	0	0.125	0	0	0.125	0	0	0.125	0	0	0	0	0	0	0	0	0	0	0	3	0.136363636363636
Frmd3	0	0	0	0	0	0	0	0.5	0	0.5	0.5	0	0	0	0	0	0	0	0	0	0	0	3	0.136363636363636
Hnrnph3	0	0	0	0	0	0	0	0	0	0	1	0	0	0	1	0	0	0	0	1	0	0	3	0.136363636363636
Usp48	0	0	0	0	0	0	0	0	0	0.25	0.25	0	0	0	0	0	0	0.25	0	0	0	0	3	0.136363636363636
Fn1	0	0	0	0	0.25	0	0	0	0.25	0	0	0	0	0	0	0	0	0.25	0	0	0	0	3	0.136363636363636
Glipr1l2	0	0	0	0	1	0	0	1	0	0	0	0	0	0	0	0	0	0	1	0	0	0	3	0.136363636363636
Rad51b	0	0	0	0	0.25	0.25	0	0	0	0	0	0	0	0	0	0.25	0	0	0	0	0	0	3	0.136363636363636
Nbeal1	0	0	0	0	0	0	0	0	0	0	0	0.0909090909090909	0	0.0909090909090909	0	0	0	0.0909090909090909	0	0	0	0	3	0.136363636363636
Cmip	0	0	0	0	0	1	0	0	0	1	0	0	0	0	0	0	0	0	0	1	0	0	3	0.136363636363636
Fnip1	0	0	0	0	0	0	0	0	0	1	0	0	0	0	0	1	1	0	0	0	0	0	3	0.136363636363636
Ryr3	0	0	0	0.153846153846154	0	0	0.153846153846154	0	0	0	0	0	0	0	0	0	0	0	0	0	0	0	2	0.0909090909090909
Sorl1	0	0	0	0.4	0	0	0	0	0	0	0	0	0	0.2	0	0	0	0	0	0	0	0	2	0.0909090909090909
Lgr5	0	0.333333333333333	0	0	0.666666666666667	0	0	0	0	0	0	0	0	0	0	0	0	0	0	0	0	0	2	0.0909090909090909
Ttn	0	0	0	0	0	0	0	0.0645161290322581	0.032258064516129	0	0	0	0	0	0	0	0	0	0	0	0	0	2	0.0909090909090909
Gfm2	0	0	0	0	0	0	0	0	0	0.666666666666667	0	0.333333333333333	0	0	0	0	0	0	0	0	0	0	2	0.0909090909090909
Abhd5	0.333333333333333	0	0	0	0	0	0	0	0	0	0.333333333333333	0	0	0	0	0	0	0	0	0	0	0	2	0.0909090909090909
Atp11b	0.25	0	0	0	0	0	0	0	0	0	0	0	0	0	0	0	0	0	0	0.25	0	0	2	0.0909090909090909
Atp8a1	0.2	0	0	0	0.2	0	0	0	0	0	0	0	0	0	0	0	0	0	0	0	0	0	2	0.0909090909090909
Chac2	1	0	0	0	0	0	0	0	0	0	0	0	0	0	0	0	0	0	0	0	0	1	2	0.0909090909090909
Gadd45g	1	0	0	0	0	1	0	0	0	0	0	0	0	0	0	0	0	0	0	0	0	0	2	0.0909090909090909
Neb	0.0625	0.0625	0	0	0	0	0	0	0	0	0	0	0	0	0	0	0	0	0	0	0	0	2	0.0909090909090909
Otoa	0.5	0	0	0.5	0	0	0	0	0	0	0	0	0	0	0	0	0	0	0	0	0	0	2	0.0909090909090909
Phka1	0.25	0	0.25	0	0	0	0	0	0	0	0	0	0	0	0	0	0	0	0	0	0	0	2	0.0909090909090909
Pigx	0.5	0	0	0	0	0	0.5	0	0	0	0	0	0	0	0	0	0	0	0	0	0	0	2	0.0909090909090909
Adgrv1	0	0.142857142857143	0	0	0	0	0	0	0	0	0	0	0	0	0	0	0	0.142857142857143	0	0	0	0	2	0.0909090909090909
Glrx2	0	0.5	0	0	0	0	0	0.5	0	0	0	0	0	0	0	0	0	0	0	0	0	0	2	0.0909090909090909
Hydin	0	0.125	0	0	0	0	0	0	0	0	0	0	0	0	0	0	0	0.125	0	0	0	0	2	0.0909090909090909
Klrh1	0	1	0	0	0	0	0	0	0	0	0	1	0	0	0	0	0	0	0	0	0	0	2	0.0909090909090909
Mcf2	0	0.333333333333333	0	0	0	0	0	0	0	0	0	0	0	0	0	0	0	0	0	0.333333333333333	0	0	2	0.0909090909090909
Nebl	0	0.333333333333333	0	0.333333333333333	0	0	0	0	0	0	0	0	0	0	0	0	0	0	0	0	0	0	2	0.0909090909090909
Setx	0	0.333333333333333	0	0	0	0	0.333333333333333	0	0	0	0	0	0	0	0	0	0	0	0	0	0	0	2	0.0909090909090909
Trip11	0	0.5	0	0	0	0	0	0	0	0	0.5	0	0	0	0	0	0	0	0	0	0	0	2	0.0909090909090909
Zbtb33	0	1	0	0	0	1	0	0	0	0	0	0	0	0	0	0	0	0	0	0	0	0	2	0.0909090909090909
Zranb2	0	0.5	0	0	0	0	0	0	0	0	0	0	0	0	0	0.5	0	0	0	0	0	0	2	0.0909090909090909
Arfgap3	0	0	0.5	0	0	0.5	0	0	0	0	0	0	0	0	0	0	0	0	0	0	0	0	2	0.0909090909090909
Crybg1	0	0	0.25	0	0	0	0	0	0	0	0	0	0	0.25	0	0	0	0	0	0	0	0	2	0.0909090909090909
Gm11110	0	0	0.5	0	0	0	0.5	0	0	0	0	0	0	0	0	0	0	0	0	0	0	0	2	0.0909090909090909
Hectd1	0	0	0.2	0	0	0	0	0	0	0	0	0.2	0	0	0	0	0	0	0	0	0	0	2	0.0909090909090909
Herc1	0	0	0.111111111111111	0.111111111111111	0	0	0	0	0	0	0	0	0	0	0	0	0	0	0	0	0	0	2	0.0909090909090909
Lca5l	0	0	0.333333333333333	0.333333333333333	0	0	0	0	0	0	0	0	0	0	0	0	0	0	0	0	0	0	2	0.0909090909090909
Nae1	0	0	0.5	0	0	0	0	0	0	0	0	0	0	0.5	0	0	0	0	0	0	0	0	2	0.0909090909090909
Ptgr1	0	0	0.333333333333333	0	0	0	0	0	0	0	0	0	0	0	0	0	0	0	0	0.333333333333333	0	0	2	0.0909090909090909
Sf3b1	0	0	0.142857142857143	0	0	0	0	0	0	0	0	0	0	0	0	0	0	0	0	0.142857142857143	0	0	2	0.0909090909090909
Tns3	0	0	1	0	0	0	0	0	0	0	0	0	0	0	0	0	1	0	0	0	0	0	2	0.0909090909090909
9530059O14Rik	0	0	0	0	0	0	0	0	0	1	1	0	0	0	0	0	0	0	0	0	0	0	2	0.0909090909090909
Heatr6	0	0	0	0.333333333333333	0	0	0	0	0	0	0.333333333333333	0	0	0	0	0	0	0	0	0	0	0	2	0.0909090909090909
Phka2	0	0	0	0	0	0	0	0	0	0	0.5	0	0	0.5	0	0	0	0	0	0	0	0	2	0.0909090909090909
Tmem33	0	0	0	0	0.5	0	0	0	0	0	0.5	0	0	0	0	0	0	0	0	0	0	0	2	0.0909090909090909
Trpc1	0	0	0	0	0	0.5	0	0	0	0	0.5	0	0	0	0	0	0	0	0	0	0	0	2	0.0909090909090909
Aox1	0	0	0	0.25	0	0	0.25	0	0	0	0	0	0	0	0	0	0	0	0	0	0	0	2	0.0909090909090909
Cdh6	0	0	0	0.25	0	0	0	0	0	0	0	0	0.25	0	0	0	0	0	0	0	0	0	2	0.0909090909090909
Dock11	0	0	0	0.0833333333333333	0	0	0	0	0	0	0	0	0	0	0	0	0	0	0	0.0833333333333333	0	0	2	0.0909090909090909
Fsip2l	0	0	0	0.166666666666667	0	0	0	0	0	0	0	0	0	0	0	0	0	0	0	0	0.166666666666667	0	2	0.0909090909090909
Gspt1	0	0	0	0.25	0	0	0	0	0	0	0	0.25	0	0	0	0	0	0	0	0	0	0	2	0.0909090909090909
Gtdc1	0	0	0	0.5	0	0	0	0	0	0.5	0	0	0	0	0	0	0	0	0	0	0	0	2	0.0909090909090909
Lifr	0	0	0	0.333333333333333	0	0	0	0	0	0	0	0.333333333333333	0	0	0	0	0	0	0	0	0	0	2	0.0909090909090909
Lrrc40	0	0	0	0.5	0	0	0	0	0.5	0	0	0	0	0	0	0	0	0	0	0	0	0	2	0.0909090909090909
Mfsd1	0	0	0	0.25	0	0.25	0	0	0	0	0	0	0	0	0	0	0	0	0	0	0	0	2	0.0909090909090909
Mir99ahg	0	0	0	0.25	0.25	0	0	0	0	0	0	0	0	0	0	0	0	0	0	0	0	0	2	0.0909090909090909
Nin	0	0	0	0.166666666666667	0	0	0	0	0	0	0	0	0	0	0	0	0	0	0	0.166666666666667	0	0	2	0.0909090909090909
Nup210l	0	0	0	0.142857142857143	0	0	0	0	0	0	0	0	0	0	0	0	0	0	0	0.142857142857143	0	0	2	0.0909090909090909
Rimklb	0	0	0	1	0	0	0	0	0	0	0	0	0	0	0	0	0	0	0	0	1	0	2	0.0909090909090909
Robo1	0	0	0	0.2	0	0	0	0	0.2	0	0	0	0	0	0	0	0	0	0	0	0	0	2	0.0909090909090909
Smarca2	0	0	0	0.166666666666667	0	0	0	0	0	0	0	0	0	0	0	0	0	0	0	0	0.166666666666667	0	2	0.0909090909090909
Zfp451	0	0	0	0.5	0	0	0	0	0	0	0	0	0	0	0	0	0	0	0	0	0.5	0	2	0.0909090909090909
Abca7	0	0	0	0	0.5	0	0	0	0	0	0	0	0	0	0	0	0	0	0	0	0	0.5	2	0.0909090909090909
Adam10	0	0	0	0	0.333333333333333	0	0	0	0	0	0	0	0	0	0	0	0.333333333333333	0	0	0	0	0	2	0.0909090909090909
Adgrl2	0	0	0	0	0.2	0	0	0	0	0	0	0	0	0	0	0	0	0	0	0.2	0	0	2	0.0909090909090909
Sh3kbp1	0	0	0	0	0.2	0.2	0	0	0	0	0	0	0	0	0	0	0	0	0	0	0	0	2	0.0909090909090909
Vwf	0	0	0	0	0.2	0	0	0	0.2	0	0	0	0	0	0	0	0	0	0	0	0	0	2	0.0909090909090909
Abca8a	0	0	0	0	0	0	0	0	0	0	0	0.166666666666667	0	0	0	0	0	0.166666666666667	0	0	0	0	2	0.0909090909090909
Dock1	0	0	0	0	0	0	0	0	0	0	0	0.142857142857143	0	0	0	0	0	0	0	0.142857142857143	0	0	2	0.0909090909090909
Dync1i1	0	0	0	0	0	0	0	0	0	0	0	0.333333333333333	0	0	0	0	0	0	0	0.333333333333333	0	0	2	0.0909090909090909
Mbtps2	0	0	0	0	0	0	0	0	0	0	0	1	0	0	1	0	0	0	0	0	0	0	2	0.0909090909090909
Myl1	0	0	0	0	0	0	0	0	0	0	0	1	0	0	0	0	1	0	0	0	0	0	2	0.0909090909090909
Ofcc1	0	0	0	0	0	0	0	0	0	0	0	0.333333333333333	0	0	0	0	0	0.333333333333333	0	0	0	0	2	0.0909090909090909
Pds5a	0	0	0	0	0	0	0	0	0.125	0	0	0.125	0	0	0	0	0	0	0	0	0	0	2	0.0909090909090909
Rhoj	0	0	0	0	0	0	0	0	0	0	0	1	0	0	1	0	0	0	0	0	0	0	2	0.0909090909090909
Bnip2	0	0	0	0	0	0	0	0	0	0	0	0	0.333333333333333	0	0	0	0	0	0	0.333333333333333	0	0	2	0.0909090909090909
Nipbl	0	0	0	0	0	0	0	0	0	0	0	0	0.2	0	0	0	0	0	0	0	0.2	0	2	0.0909090909090909
Epb41l4b	0	0	0	0	0	0.25	0	0	0	0	0	0	0	0.25	0	0	0	0	0	0	0	0	2	0.0909090909090909
4933404G15Rik	0	0	0	0	0	1	0	0	0	0	0	0	0	0	0	1	0	0	0	0	0	0	2	0.0909090909090909
Grm8	0	0	0	0	0	0.5	0.5	0	0	0	0	0	0	0	0	0	0	0	0	0	0	0	2	0.0909090909090909
Mei1	0	0	0	0	0	0.2	0	0	0	0	0	0	0	0	0	0	0.2	0	0	0	0	0	2	0.0909090909090909
Rev3l	0	0	0	0	0	0.25	0	0	0	0.25	0	0	0	0	0	0	0	0	0	0	0	0	2	0.0909090909090909
Usp34	0	0	0	0	0	0.0909090909090909	0	0	0	0	0	0	0	0	0	0	0	0	0	0.0909090909090909	0	0	2	0.0909090909090909
2610507B11Rik	0	0	0	0	0	0	0.25	0	0	0	0	0	0	0	0	0	0.25	0	0	0	0	0	2	0.0909090909090909
Mcmbp	0	0	0	0	0	0	0	0	0.5	0	0	0	0	0	0	0.5	0	0	0	0	0	0	2	0.0909090909090909
Stxbp5	0	0	0	0	0	0	0	0	0	0	0	0	0	0	0	0.333333333333333	0	0	0	0.333333333333333	0	0	2	0.0909090909090909
Copa	0	0	0	0	0	0	0	0	0	0.5	0	0	0	0	0	0	0.5	0	0	0	0	0	2	0.0909090909090909
Kcnma1	0	0	0	0	0	0	0	0	0	0	0	0	0	0	0	0	0.25	0	0	0	0.25	0	2	0.0909090909090909
Ankhd1	0	0	0	0	0	0	0	0.25	0	0	0	0	0	0	0	0	0	0.25	0	0	0	0	2	0.0909090909090909
Dmd	0	0	0	0	0	0	0	0	0	0	0	0	0	0	0	0	0	0.0666666666666667	0	0	0	0.0666666666666667	2	0.0909090909090909
Gabrg2	0	0	0	0	0	0	0	0	0	0	0	0	0	0	0	0	0	0.5	0	0.5	0	0	2	0.0909090909090909
Rell1	0	0	0	0	0	0	0	0	0	0	0	0	0	0	0	0	0	1	0	0	0	1	2	0.0909090909090909
Slc24a4	0	0	0	0	0	0	0	0	0	1	0	0	0	0	0	0	0	1	0	0	0	0	2	0.0909090909090909
Atad2	0	0	0	0	0	0	0	0.111111111111111	0	0	0	0	0	0	0	0	0	0	0	0	0.111111111111111	0	2	0.0909090909090909
Hmcn1	0	0	0	0	0	0	0	0.0714285714285714	0	0.0714285714285714	0	0	0	0	0	0	0	0	0	0	0	0	2	0.0909090909090909
Kpna1	0	0	0	0	0	0	0	0.333333333333333	0	0	0	0	0	0	0	0	0	0	0.333333333333333	0	0	0	2	0.0909090909090909
Ppp3ca	0	0	0	0	0	0	0	0.25	0	0	0	0	0	0	0	0	0	0	0	0	0.25	0	2	0.0909090909090909
Spink5	0	0	0	0	0	0	0	0.333333333333333	0.333333333333333	0	0	0	0	0	0	0	0	0	0	0	0	0	2	0.0909090909090909
1700017N19Rik	0	0	0	0	0	0	0	0	0	0.5	0	0	0	0	0	0	0	0	0.5	0	0	0	2	0.0909090909090909
Wls	0	0	0	0	0	0	0	0	0	0.333333333333333	0	0	0	0	0	0	0	0	0.333333333333333	0	0	0	2	0.0909090909090909
Btbd16	0	0	0	0	0	0	0	0	1	0	0	0	0	0	0	0	0	0	0	1	0	0	2	0.0909090909090909
Eif2ak3	0	0	0	0	0	0	0	0	0.5	0	0	0	0	0	0	0	0	0	0	0.5	0	0	2	0.0909090909090909
Gm10646	0	0	0	0	0	0	0	0	1	0	0	0	0	0	0	0	0	0	0	0	1	0	2	0.0909090909090909
Papss2	0	0	0	0	0	0	0	0	0.25	0	0	0	0	0	0	0	0	0	0	0	0.25	0	2	0.0909090909090909
Pcx	0	0	0	0	0	0	0	0	1	0	0	0	0	0	0	0	0	0	0	1	0	0	2	0.0909090909090909
Tapbp	0	0	0	0	0	0	0	0	1	1	0	0	0	0	0	0	0	0	0	0	0	0	2	0.0909090909090909
Flt3	0	0	0	0	0	0	0	0	0	0	0	0	0	0	0	0	0	0	0	0.142857142857143	0	0.142857142857143	2	0.0909090909090909
Ipo8	0	0	0	0	0	0	0	0	0	0.2	0	0	0	0	0	0	0	0	0	0	0.2	0	2	0.0909090909090909
Steap1	0	0	0	0	0	0	0	0	0	1	0	0	0	0	0	0	0	0	0	0	0	1	2	0.0909090909090909
Glis3	1	0	0	0	0	0	0	0	0	0	0	0	0	0	0	0	0	0	0	0	0	0	1	0.0454545454545455
Cfl2	0	0.666666666666667	0	0	0	0	0	0	0	0	0	0	0	0	0	0	0	0	0	0	0	0	1	0.0454545454545455
Egf	0	0	0.4	0	0	0	0	0	0	0	0	0	0	0	0	0	0	0	0	0	0	0	1	0.0454545454545455
Nolc1	0	0	0	0.5	0	0	0	0	0	0	0	0	0	0	0	0	0	0	0	0	0	0	1	0.0454545454545455
Hdhd2	0	0	0	0	1	0	0	0	0	0	0	0	0	0	0	0	0	0	0	0	0	0	1	0.0454545454545455
Brwd3	0	0	0	0	0	0.166666666666667	0	0	0	0	0	0	0	0	0	0	0	0	0	0	0	0	1	0.0454545454545455
Atg2b	0	0	0	0	0	0	0	0	0.5	0	0	0	0	0	0	0	0	0	0	0	0	0	1	0.0454545454545455
Adamts20	0.25	0	0	0	0	0	0	0	0	0	0	0	0	0	0	0	0	0	0	0	0	0	1	0.0454545454545455
Aplf	0.5	0	0	0	0	0	0	0	0	0	0	0	0	0	0	0	0	0	0	0	0	0	1	0.0454545454545455
Arhgap25	1	0	0	0	0	0	0	0	0	0	0	0	0	0	0	0	0	0	0	0	0	0	1	0.0454545454545455
Arhgef26	0.333333333333333	0	0	0	0	0	0	0	0	0	0	0	0	0	0	0	0	0	0	0	0	0	1	0.0454545454545455
Atr	0.142857142857143	0	0	0	0	0	0	0	0	0	0	0	0	0	0	0	0	0	0	0	0	0	1	0.0454545454545455
C87436	1	0	0	0	0	0	0	0	0	0	0	0	0	0	0	0	0	0	0	0	0	0	1	0.0454545454545455
Ccnl1	0.5	0	0	0	0	0	0	0	0	0	0	0	0	0	0	0	0	0	0	0	0	0	1	0.0454545454545455
Cdk13	1	0	0	0	0	0	0	0	0	0	0	0	0	0	0	0	0	0	0	0	0	0	1	0.0454545454545455
Cenph	0.333333333333333	0	0	0	0	0	0	0	0	0	0	0	0	0	0	0	0	0	0	0	0	0	1	0.0454545454545455
Dennd5a	0.333333333333333	0	0	0	0	0	0	0	0	0	0	0	0	0	0	0	0	0	0	0	0	0	1	0.0454545454545455
Dock2	0.333333333333333	0	0	0	0	0	0	0	0	0	0	0	0	0	0	0	0	0	0	0	0	0	1	0.0454545454545455
Fastkd1	0.5	0	0	0	0	0	0	0	0	0	0	0	0	0	0	0	0	0	0	0	0	0	1	0.0454545454545455
Fer1l4	1	0	0	0	0	0	0	0	0	0	0	0	0	0	0	0	0	0	0	0	0	0	1	0.0454545454545455
Fnbp4	1	0	0	0	0	0	0	0	0	0	0	0	0	0	0	0	0	0	0	0	0	0	1	0.0454545454545455
Fry	0.111111111111111	0	0	0	0	0	0	0	0	0	0	0	0	0	0	0	0	0	0	0	0	0	1	0.0454545454545455
Gabpb1	1	0	0	0	0	0	0	0	0	0	0	0	0	0	0	0	0	0	0	0	0	0	1	0.0454545454545455
Gpcpd1	0.166666666666667	0	0	0	0	0	0	0	0	0	0	0	0	0	0	0	0	0	0	0	0	0	1	0.0454545454545455
Inip	0.5	0	0	0	0	0	0	0	0	0	0	0	0	0	0	0	0	0	0	0	0	0	1	0.0454545454545455
Ist1	1	0	0	0	0	0	0	0	0	0	0	0	0	0	0	0	0	0	0	0	0	0	1	0.0454545454545455
Kmt2c	0.142857142857143	0	0	0	0	0	0	0	0	0	0	0	0	0	0	0	0	0	0	0	0	0	1	0.0454545454545455
Map4k5	0.166666666666667	0	0	0	0	0	0	0	0	0	0	0	0	0	0	0	0	0	0	0	0	0	1	0.0454545454545455
Mapk6	0.333333333333333	0	0	0	0	0	0	0	0	0	0	0	0	0	0	0	0	0	0	0	0	0	1	0.0454545454545455
Mpp7	0.333333333333333	0	0	0	0	0	0	0	0	0	0	0	0	0	0	0	0	0	0	0	0	0	1	0.0454545454545455
Mrpl47	1	0	0	0	0	0	0	0	0	0	0	0	0	0	0	0	0	0	0	0	0	0	1	0.0454545454545455
Msra	1	0	0	0	0	0	0	0	0	0	0	0	0	0	0	0	0	0	0	0	0	0	1	0.0454545454545455
Nsun7	0.5	0	0	0	0	0	0	0	0	0	0	0	0	0	0	0	0	0	0	0	0	0	1	0.0454545454545455
Pkhd1	0.125	0	0	0	0	0	0	0	0	0	0	0	0	0	0	0	0	0	0	0	0	0	1	0.0454545454545455
Prpf8	0.5	0	0	0	0	0	0	0	0	0	0	0	0	0	0	0	0	0	0	0	0	0	1	0.0454545454545455
Psmc5	0.5	0	0	0	0	0	0	0	0	0	0	0	0	0	0	0	0	0	0	0	0	0	1	0.0454545454545455
Ralgapb	0.333333333333333	0	0	0	0	0	0	0	0	0	0	0	0	0	0	0	0	0	0	0	0	0	1	0.0454545454545455
Rps6ka3	0.5	0	0	0	0	0	0	0	0	0	0	0	0	0	0	0	0	0	0	0	0	0	1	0.0454545454545455
Scyl2	0.5	0	0	0	0	0	0	0	0	0	0	0	0	0	0	0	0	0	0	0	0	0	1	0.0454545454545455
Trim33	0.2	0	0	0	0	0	0	0	0	0	0	0	0	0	0	0	0	0	0	0	0	0	1	0.0454545454545455
Trrap	0.25	0	0	0	0	0	0	0	0	0	0	0	0	0	0	0	0	0	0	0	0	0	1	0.0454545454545455
Vti1a	1	0	0	0	0	0	0	0	0	0	0	0	0	0	0	0	0	0	0	0	0	0	1	0.0454545454545455
Wdr33	1	0	0	0	0	0	0	0	0	0	0	0	0	0	0	0	0	0	0	0	0	0	1	0.0454545454545455
Ydjc	1	0	0	0	0	0	0	0	0	0	0	0	0	0	0	0	0	0	0	0	0	0	1	0.0454545454545455
Zfp74	0.5	0	0	0	0	0	0	0	0	0	0	0	0	0	0	0	0	0	0	0	0	0	1	0.0454545454545455
Adam23	0	1	0	0	0	0	0	0	0	0	0	0	0	0	0	0	0	0	0	0	0	0	1	0.0454545454545455
Ankrd10	0	1	0	0	0	0	0	0	0	0	0	0	0	0	0	0	0	0	0	0	0	0	1	0.0454545454545455
Atp6v1c1	0	0.5	0	0	0	0	0	0	0	0	0	0	0	0	0	0	0	0	0	0	0	0	1	0.0454545454545455
Ccng2	0	1	0	0	0	0	0	0	0	0	0	0	0	0	0	0	0	0	0	0	0	0	1	0.0454545454545455
Ces1e	0	1	0	0	0	0	0	0	0	0	0	0	0	0	0	0	0	0	0	0	0	0	1	0.0454545454545455
Ckap5	0	0.2	0	0	0	0	0	0	0	0	0	0	0	0	0	0	0	0	0	0	0	0	1	0.0454545454545455
Cpsf6	0	0.333333333333333	0	0	0	0	0	0	0	0	0	0	0	0	0	0	0	0	0	0	0	0	1	0.0454545454545455
Crot	0	0.2	0	0	0	0	0	0	0	0	0	0	0	0	0	0	0	0	0	0	0	0	1	0.0454545454545455
Ctps2	0	0.333333333333333	0	0	0	0	0	0	0	0	0	0	0	0	0	0	0	0	0	0	0	0	1	0.0454545454545455
Ddx60	0	0.25	0	0	0	0	0	0	0	0	0	0	0	0	0	0	0	0	0	0	0	0	1	0.0454545454545455
Ep300	0	0.333333333333333	0	0	0	0	0	0	0	0	0	0	0	0	0	0	0	0	0	0	0	0	1	0.0454545454545455
Eppin	0	1	0	0	0	0	0	0	0	0	0	0	0	0	0	0	0	0	0	0	0	0	1	0.0454545454545455
Ero1b	0	0.5	0	0	0	0	0	0	0	0	0	0	0	0	0	0	0	0	0	0	0	0	1	0.0454545454545455
Filip1l	0	0.5	0	0	0	0	0	0	0	0	0	0	0	0	0	0	0	0	0	0	0	0	1	0.0454545454545455
Gskip	0	0.5	0	0	0	0	0	0	0	0	0	0	0	0	0	0	0	0	0	0	0	0	1	0.0454545454545455
Kcnj15	0	1	0	0	0	0	0	0	0	0	0	0	0	0	0	0	0	0	0	0	0	0	1	0.0454545454545455
Kcnn1	0	1	0	0	0	0	0	0	0	0	0	0	0	0	0	0	0	0	0	0	0	0	1	0.0454545454545455
L2hgdh	0	1	0	0	0	0	0	0	0	0	0	0	0	0	0	0	0	0	0	0	0	0	1	0.0454545454545455
Lias	0	1	0	0	0	0	0	0	0	0	0	0	0	0	0	0	0	0	0	0	0	0	1	0.0454545454545455
Lrpprc	0	0.2	0	0	0	0	0	0	0	0	0	0	0	0	0	0	0	0	0	0	0	0	1	0.0454545454545455
Metap2	0	1	0	0	0	0	0	0	0	0	0	0	0	0	0	0	0	0	0	0	0	0	1	0.0454545454545455
Mettl5	0	1	0	0	0	0	0	0	0	0	0	0	0	0	0	0	0	0	0	0	0	0	1	0.0454545454545455
Nbea	0	0.166666666666667	0	0	0	0	0	0	0	0	0	0	0	0	0	0	0	0	0	0	0	0	1	0.0454545454545455
Neo1	0	0.5	0	0	0	0	0	0	0	0	0	0	0	0	0	0	0	0	0	0	0	0	1	0.0454545454545455
Nkain2	0	0.5	0	0	0	0	0	0	0	0	0	0	0	0	0	0	0	0	0	0	0	0	1	0.0454545454545455
Nrbp1	0	1	0	0	0	0	0	0	0	0	0	0	0	0	0	0	0	0	0	0	0	0	1	0.0454545454545455
Nsmaf	0	1	0	0	0	0	0	0	0	0	0	0	0	0	0	0	0	0	0	0	0	0	1	0.0454545454545455
Plekha1	0	0.2	0	0	0	0	0	0	0	0	0	0	0	0	0	0	0	0	0	0	0	0	1	0.0454545454545455
Rrnad1	0	1	0	0	0	0	0	0	0	0	0	0	0	0	0	0	0	0	0	0	0	0	1	0.0454545454545455
Stat1	0	0.2	0	0	0	0	0	0	0	0	0	0	0	0	0	0	0	0	0	0	0	0	1	0.0454545454545455
Stx3	0	0.25	0	0	0	0	0	0	0	0	0	0	0	0	0	0	0	0	0	0	0	0	1	0.0454545454545455
Synj1	0	0.333333333333333	0	0	0	0	0	0	0	0	0	0	0	0	0	0	0	0	0	0	0	0	1	0.0454545454545455
Thoc2	0	0.2	0	0	0	0	0	0	0	0	0	0	0	0	0	0	0	0	0	0	0	0	1	0.0454545454545455
Utp20	0	0.5	0	0	0	0	0	0	0	0	0	0	0	0	0	0	0	0	0	0	0	0	1	0.0454545454545455
Vps33a	0	1	0	0	0	0	0	0	0	0	0	0	0	0	0	0	0	0	0	0	0	0	1	0.0454545454545455
Arl4d	0	0	1	0	0	0	0	0	0	0	0	0	0	0	0	0	0	0	0	0	0	0	1	0.0454545454545455
Casd1	0	0	1	0	0	0	0	0	0	0	0	0	0	0	0	0	0	0	0	0	0	0	1	0.0454545454545455
Cdkl1	0	0	0.5	0	0	0	0	0	0	0	0	0	0	0	0	0	0	0	0	0	0	0	1	0.0454545454545455
Chrdl1	0	0	1	0	0	0	0	0	0	0	0	0	0	0	0	0	0	0	0	0	0	0	1	0.0454545454545455
Clrn2	0	0	1	0	0	0	0	0	0	0	0	0	0	0	0	0	0	0	0	0	0	0	1	0.0454545454545455
Col6a3	0	0	0.166666666666667	0	0	0	0	0	0	0	0	0	0	0	0	0	0	0	0	0	0	0	1	0.0454545454545455
Epha4	0	0	0.25	0	0	0	0	0	0	0	0	0	0	0	0	0	0	0	0	0	0	0	1	0.0454545454545455
Epsti1	0	0	0.333333333333333	0	0	0	0	0	0	0	0	0	0	0	0	0	0	0	0	0	0	0	1	0.0454545454545455
Far1os	0	0	1	0	0	0	0	0	0	0	0	0	0	0	0	0	0	0	0	0	0	0	1	0.0454545454545455
Fhl5	0	0	1	0	0	0	0	0	0	0	0	0	0	0	0	0	0	0	0	0	0	0	1	0.0454545454545455
Gm648	0	0	1	0	0	0	0	0	0	0	0	0	0	0	0	0	0	0	0	0	0	0	1	0.0454545454545455
Gm6614	0	0	1	0	0	0	0	0	0	0	0	0	0	0	0	0	0	0	0	0	0	0	1	0.0454545454545455
Hacd4	0	0	0.333333333333333	0	0	0	0	0	0	0	0	0	0	0	0	0	0	0	0	0	0	0	1	0.0454545454545455
Hspbap1	0	0	1	0	0	0	0	0	0	0	0	0	0	0	0	0	0	0	0	0	0	0	1	0.0454545454545455
Ift88	0	0	1	0	0	0	0	0	0	0	0	0	0	0	0	0	0	0	0	0	0	0	1	0.0454545454545455
Il19	0	0	1	0	0	0	0	0	0	0	0	0	0	0	0	0	0	0	0	0	0	0	1	0.0454545454545455
Mat2a	0	0	1	0	0	0	0	0	0	0	0	0	0	0	0	0	0	0	0	0	0	0	1	0.0454545454545455
Matn3	0	0	1	0	0	0	0	0	0	0	0	0	0	0	0	0	0	0	0	0	0	0	1	0.0454545454545455
Mtrex	0	0	0.5	0	0	0	0	0	0	0	0	0	0	0	0	0	0	0	0	0	0	0	1	0.0454545454545455
Naa35	0	0	0.5	0	0	0	0	0	0	0	0	0	0	0	0	0	0	0	0	0	0	0	1	0.0454545454545455
Necab1	0	0	0.5	0	0	0	0	0	0	0	0	0	0	0	0	0	0	0	0	0	0	0	1	0.0454545454545455
Pam	0	0	0.142857142857143	0	0	0	0	0	0	0	0	0	0	0	0	0	0	0	0	0	0	0	1	0.0454545454545455
Pex11a	0	0	1	0	0	0	0	0	0	0	0	0	0	0	0	0	0	0	0	0	0	0	1	0.0454545454545455
Pole2	0	0	1	0	0	0	0	0	0	0	0	0	0	0	0	0	0	0	0	0	0	0	1	0.0454545454545455
Ppp4r3a	0	0	0.333333333333333	0	0	0	0	0	0	0	0	0	0	0	0	0	0	0	0	0	0	0	1	0.0454545454545455
Psme2	0	0	1	0	0	0	0	0	0	0	0	0	0	0	0	0	0	0	0	0	0	0	1	0.0454545454545455
Rundc3b	0	0	1	0	0	0	0	0	0	0	0	0	0	0	0	0	0	0	0	0	0	0	1	0.0454545454545455
Sdad1	0	0	1	0	0	0	0	0	0	0	0	0	0	0	0	0	0	0	0	0	0	0	1	0.0454545454545455
Sec24d	0	0	1	0	0	0	0	0	0	0	0	0	0	0	0	0	0	0	0	0	0	0	1	0.0454545454545455
Slc46a2	0	0	1	0	0	0	0	0	0	0	0	0	0	0	0	0	0	0	0	0	0	0	1	0.0454545454545455
Ssr1	0	0	0.5	0	0	0	0	0	0	0	0	0	0	0	0	0	0	0	0	0	0	0	1	0.0454545454545455
Tmem40	0	0	1	0	0	0	0	0	0	0	0	0	0	0	0	0	0	0	0	0	0	0	1	0.0454545454545455
Tpp2	0	0	0.333333333333333	0	0	0	0	0	0	0	0	0	0	0	0	0	0	0	0	0	0	0	1	0.0454545454545455
Ubr5	0	0	0.25	0	0	0	0	0	0	0	0	0	0	0	0	0	0	0	0	0	0	0	1	0.0454545454545455
Uggt1	0	0	0.2	0	0	0	0	0	0	0	0	0	0	0	0	0	0	0	0	0	0	0	1	0.0454545454545455
Utp18	0	0	0.333333333333333	0	0	0	0	0	0	0	0	0	0	0	0	0	0	0	0	0	0	0	1	0.0454545454545455
Wwc2	0	0	1	0	0	0	0	0	0	0	0	0	0	0	0	0	0	0	0	0	0	0	1	0.0454545454545455
Yipf1	0	0	0.5	0	0	0	0	0	0	0	0	0	0	0	0	0	0	0	0	0	0	0	1	0.0454545454545455
Zfp280c	0	0	0.5	0	0	0	0	0	0	0	0	0	0	0	0	0	0	0	0	0	0	0	1	0.0454545454545455
Adamts9	0	0	0	0	0	0	0	0	0	0	0.25	0	0	0	0	0	0	0	0	0	0	0	1	0.0454545454545455
Ankrd44	0	0	0	0	0	0	0	0	0	0	0.5	0	0	0	0	0	0	0	0	0	0	0	1	0.0454545454545455
Atp6v0b	0	0	0	0	0	0	0	0	0	0	1	0	0	0	0	0	0	0	0	0	0	0	1	0.0454545454545455
Atrn	0	0	0	0	0	0	0	0	0	0	0.2	0	0	0	0	0	0	0	0	0	0	0	1	0.0454545454545455
Chil5	0	0	0	0	0	0	0	0	0	0	0.5	0	0	0	0	0	0	0	0	0	0	0	1	0.0454545454545455
Cplx1	0	0	0	0	0	0	0	0	0	0	1	0	0	0	0	0	0	0	0	0	0	0	1	0.0454545454545455
Ddx46	0	0	0	0	0	0	0	0	0	0	1	0	0	0	0	0	0	0	0	0	0	0	1	0.0454545454545455
Dennd2d	0	0	0	0	0	0	0	0	0	0	1	0	0	0	0	0	0	0	0	0	0	0	1	0.0454545454545455
Dnajc2	0	0	0	0	0	0	0	0	0	0	1	0	0	0	0	0	0	0	0	0	0	0	1	0.0454545454545455
Fam120a	0	0	0	0	0	0	0	0	0	0	1	0	0	0	0	0	0	0	0	0	0	0	1	0.0454545454545455
Fnbp1	0	0	0	0	0	0	0	0	0	0	0.5	0	0	0	0	0	0	0	0	0	0	0	1	0.0454545454545455
Gclm	0	0	0	0	0	0	0	0	0	0	0.333333333333333	0	0	0	0	0	0	0	0	0	0	0	1	0.0454545454545455
Gk5	0	0	0	0	0	0	0	0	0	0	0.2	0	0	0	0	0	0	0	0	0	0	0	1	0.0454545454545455
Grk4	0	0	0	0	0	0	0	0	0	0	0.5	0	0	0	0	0	0	0	0	0	0	0	1	0.0454545454545455
Itih5	0	0	0	0	0	0	0	0	0	0	0.5	0	0	0	0	0	0	0	0	0	0	0	1	0.0454545454545455
Malrd1	0	0	0	0	0	0	0	0	0	0	1	0	0	0	0	0	0	0	0	0	0	0	1	0.0454545454545455
Map3k4	0	0	0	0	0	0	0	0	0	0	0.5	0	0	0	0	0	0	0	0	0	0	0	1	0.0454545454545455
Mllt3	0	0	0	0	0	0	0	0	0	0	0.5	0	0	0	0	0	0	0	0	0	0	0	1	0.0454545454545455
Myt1	0	0	0	0	0	0	0	0	0	0	0.333333333333333	0	0	0	0	0	0	0	0	0	0	0	1	0.0454545454545455
Pkp4	0	0	0	0	0	0	0	0	0	0	0.333333333333333	0	0	0	0	0	0	0	0	0	0	0	1	0.0454545454545455
Pola1	0	0	0	0	0	0	0	0	0	0	0.2	0	0	0	0	0	0	0	0	0	0	0	1	0.0454545454545455
Ppil6	0	0	0	0	0	0	0	0	0	0	1	0	0	0	0	0	0	0	0	0	0	0	1	0.0454545454545455
Pttg1ip2	0	0	0	0	0	0	0	0	0	0	1	0	0	0	0	0	0	0	0	0	0	0	1	0.0454545454545455
Rragb	0	0	0	0	0	0	0	0	0	0	0.333333333333333	0	0	0	0	0	0	0	0	0	0	0	1	0.0454545454545455
Samd4b	0	0	0	0	0	0	0	0	0	0	1	0	0	0	0	0	0	0	0	0	0	0	1	0.0454545454545455
Shprh	0	0	0	0	0	0	0	0	0	0	1	0	0	0	0	0	0	0	0	0	0	0	1	0.0454545454545455
Srsf5	0	0	0	0	0	0	0	0	0	0	1	0	0	0	0	0	0	0	0	0	0	0	1	0.0454545454545455
Tbc1d5	0	0	0	0	0	0	0	0	0	0	1	0	0	0	0	0	0	0	0	0	0	0	1	0.0454545454545455
Ttc3	0	0	0	0	0	0	0	0	0	0	0.166666666666667	0	0	0	0	0	0	0	0	0	0	0	1	0.0454545454545455
Wdr27	0	0	0	0	0	0	0	0	0	0	0.333333333333333	0	0	0	0	0	0	0	0	0	0	0	1	0.0454545454545455
Yipf4	0	0	0	0	0	0	0	0	0	0	0.333333333333333	0	0	0	0	0	0	0	0	0	0	0	1	0.0454545454545455
Abca12	0	0	0	0.2	0	0	0	0	0	0	0	0	0	0	0	0	0	0	0	0	0	0	1	0.0454545454545455
Abca2	0	0	0	0.5	0	0	0	0	0	0	0	0	0	0	0	0	0	0	0	0	0	0	1	0.0454545454545455
Abca4	0	0	0	0.2	0	0	0	0	0	0	0	0	0	0	0	0	0	0	0	0	0	0	1	0.0454545454545455
Agmo	0	0	0	1	0	0	0	0	0	0	0	0	0	0	0	0	0	0	0	0	0	0	1	0.0454545454545455
B4galt1	0	0	0	1	0	0	0	0	0	0	0	0	0	0	0	0	0	0	0	0	0	0	1	0.0454545454545455
Cadps2	0	0	0	0.125	0	0	0	0	0	0	0	0	0	0	0	0	0	0	0	0	0	0	1	0.0454545454545455
Ccdc141	0	0	0	0.25	0	0	0	0	0	0	0	0	0	0	0	0	0	0	0	0	0	0	1	0.0454545454545455
Ccdc152	0	0	0	0.5	0	0	0	0	0	0	0	0	0	0	0	0	0	0	0	0	0	0	1	0.0454545454545455
Ccdc68	0	0	0	0.25	0	0	0	0	0	0	0	0	0	0	0	0	0	0	0	0	0	0	1	0.0454545454545455
Cd226	0	0	0	0.5	0	0	0	0	0	0	0	0	0	0	0	0	0	0	0	0	0	0	1	0.0454545454545455
Col4a4	0	0	0	0.142857142857143	0	0	0	0	0	0	0	0	0	0	0	0	0	0	0	0	0	0	1	0.0454545454545455
Csf3r	0	0	0	1	0	0	0	0	0	0	0	0	0	0	0	0	0	0	0	0	0	0	1	0.0454545454545455
Cubn	0	0	0	0.166666666666667	0	0	0	0	0	0	0	0	0	0	0	0	0	0	0	0	0	0	1	0.0454545454545455
Dmxl2	0	0	0	0.25	0	0	0	0	0	0	0	0	0	0	0	0	0	0	0	0	0	0	1	0.0454545454545455
Dnajc11	0	0	0	1	0	0	0	0	0	0	0	0	0	0	0	0	0	0	0	0	0	0	1	0.0454545454545455
Etf1	0	0	0	1	0	0	0	0	0	0	0	0	0	0	0	0	0	0	0	0	0	0	1	0.0454545454545455
Eya3	0	0	0	0.25	0	0	0	0	0	0	0	0	0	0	0	0	0	0	0	0	0	0	1	0.0454545454545455
Hfm1	0	0	0	0.333333333333333	0	0	0	0	0	0	0	0	0	0	0	0	0	0	0	0	0	0	1	0.0454545454545455
Hmga2	0	0	0	0.5	0	0	0	0	0	0	0	0	0	0	0	0	0	0	0	0	0	0	1	0.0454545454545455
Mrpl1	0	0	0	1	0	0	0	0	0	0	0	0	0	0	0	0	0	0	0	0	0	0	1	0.0454545454545455
Olfr654	0	0	0	1	0	0	0	0	0	0	0	0	0	0	0	0	0	0	0	0	0	0	1	0.0454545454545455
Ppp2r5c	0	0	0	0.5	0	0	0	0	0	0	0	0	0	0	0	0	0	0	0	0	0	0	1	0.0454545454545455
Ralgapa2	0	0	0	0.25	0	0	0	0	0	0	0	0	0	0	0	0	0	0	0	0	0	0	1	0.0454545454545455
Shisa4	0	0	0	1	0	0	0	0	0	0	0	0	0	0	0	0	0	0	0	0	0	0	1	0.0454545454545455
Slc3a2	0	0	0	1	0	0	0	0	0	0	0	0	0	0	0	0	0	0	0	0	0	0	1	0.0454545454545455
Usp9x	0	0	0	0.1	0	0	0	0	0	0	0	0	0	0	0	0	0	0	0	0	0	0	1	0.0454545454545455
Acad9	0	0	0	0	1	0	0	0	0	0	0	0	0	0	0	0	0	0	0	0	0	0	1	0.0454545454545455
Add1	0	0	0	0	1	0	0	0	0	0	0	0	0	0	0	0	0	0	0	0	0	0	1	0.0454545454545455
Chd7	0	0	0	0	0.25	0	0	0	0	0	0	0	0	0	0	0	0	0	0	0	0	0	1	0.0454545454545455
Cog3	0	0	0	0	0.333333333333333	0	0	0	0	0	0	0	0	0	0	0	0	0	0	0	0	0	1	0.0454545454545455
Cpeb3	0	0	0	0	1	0	0	0	0	0	0	0	0	0	0	0	0	0	0	0	0	0	1	0.0454545454545455
Dld	0	0	0	0	0.25	0	0	0	0	0	0	0	0	0	0	0	0	0	0	0	0	0	1	0.0454545454545455
Ect2	0	0	0	0	0.333333333333333	0	0	0	0	0	0	0	0	0	0	0	0	0	0	0	0	0	1	0.0454545454545455
Enpp1	0	0	0	0	0.333333333333333	0	0	0	0	0	0	0	0	0	0	0	0	0	0	0	0	0	1	0.0454545454545455
Flicr	0	0	0	0	0.5	0	0	0	0	0	0	0	0	0	0	0	0	0	0	0	0	0	1	0.0454545454545455
Gucy2c	0	0	0	0	0.25	0	0	0	0	0	0	0	0	0	0	0	0	0	0	0	0	0	1	0.0454545454545455
Hells	0	0	0	0	0.5	0	0	0	0	0	0	0	0	0	0	0	0	0	0	0	0	0	1	0.0454545454545455
Il33	0	0	0	0	1	0	0	0	0	0	0	0	0	0	0	0	0	0	0	0	0	0	1	0.0454545454545455
Kif1b	0	0	0	0	0.25	0	0	0	0	0	0	0	0	0	0	0	0	0	0	0	0	0	1	0.0454545454545455
Krt10	0	0	0	0	0.5	0	0	0	0	0	0	0	0	0	0	0	0	0	0	0	0	0	1	0.0454545454545455
Lpin2	0	0	0	0	0.333333333333333	0	0	0	0	0	0	0	0	0	0	0	0	0	0	0	0	0	1	0.0454545454545455
Lrriq4	0	0	0	0	1	0	0	0	0	0	0	0	0	0	0	0	0	0	0	0	0	0	1	0.0454545454545455
Med12l	0	0	0	0	0.5	0	0	0	0	0	0	0	0	0	0	0	0	0	0	0	0	0	1	0.0454545454545455
Mrps18c	0	0	0	0	1	0	0	0	0	0	0	0	0	0	0	0	0	0	0	0	0	0	1	0.0454545454545455
Npas2	0	0	0	0	0.5	0	0	0	0	0	0	0	0	0	0	0	0	0	0	0	0	0	1	0.0454545454545455
Pcgf6	0	0	0	0	1	0	0	0	0	0	0	0	0	0	0	0	0	0	0	0	0	0	1	0.0454545454545455
Pde6a	0	0	0	0	0.333333333333333	0	0	0	0	0	0	0	0	0	0	0	0	0	0	0	0	0	1	0.0454545454545455
Pdzd9	0	0	0	0	1	0	0	0	0	0	0	0	0	0	0	0	0	0	0	0	0	0	1	0.0454545454545455
Plscr1	0	0	0	0	1	0	0	0	0	0	0	0	0	0	0	0	0	0	0	0	0	0	1	0.0454545454545455
Poln	0	0	0	0	1	0	0	0	0	0	0	0	0	0	0	0	0	0	0	0	0	0	1	0.0454545454545455
Ppp6c	0	0	0	0	0.333333333333333	0	0	0	0	0	0	0	0	0	0	0	0	0	0	0	0	0	1	0.0454545454545455
Prdm1	0	0	0	0	0.25	0	0	0	0	0	0	0	0	0	0	0	0	0	0	0	0	0	1	0.0454545454545455
Rnf25	0	0	0	0	1	0	0	0	0	0	0	0	0	0	0	0	0	0	0	0	0	0	1	0.0454545454545455
Shox2	0	0	0	0	0.25	0	0	0	0	0	0	0	0	0	0	0	0	0	0	0	0	0	1	0.0454545454545455
Slc35a1	0	0	0	0	0.5	0	0	0	0	0	0	0	0	0	0	0	0	0	0	0	0	0	1	0.0454545454545455
Tube1	0	0	0	0	0.333333333333333	0	0	0	0	0	0	0	0	0	0	0	0	0	0	0	0	0	1	0.0454545454545455
Wasl	0	0	0	0	1	0	0	0	0	0	0	0	0	0	0	0	0	0	0	0	0	0	1	0.0454545454545455
1700028K03Rik	0	0	0	0	0	0	0	0	0	0	0	0.5	0	0	0	0	0	0	0	0	0	0	1	0.0454545454545455
Amn1	0	0	0	0	0	0	0	0	0	0	0	1	0	0	0	0	0	0	0	0	0	0	1	0.0454545454545455
Braf	0	0	0	0	0	0	0	0	0	0	0	1	0	0	0	0	0	0	0	0	0	0	1	0.0454545454545455
Casp8ap2	0	0	0	0	0	0	0	0	0	0	0	0.25	0	0	0	0	0	0	0	0	0	0	1	0.0454545454545455
Clec2e	0	0	0	0	0	0	0	0	0	0	0	1	0	0	0	0	0	0	0	0	0	0	1	0.0454545454545455
Crem	0	0	0	0	0	0	0	0	0	0	0	0.333333333333333	0	0	0	0	0	0	0	0	0	0	1	0.0454545454545455
Cul4b	0	0	0	0	0	0	0	0	0	0	0	0.2	0	0	0	0	0	0	0	0	0	0	1	0.0454545454545455
Dbf4	0	0	0	0	0	0	0	0	0	0	0	0.5	0	0	0	0	0	0	0	0	0	0	1	0.0454545454545455
Desi1	0	0	0	0	0	0	0	0	0	0	0	0.25	0	0	0	0	0	0	0	0	0	0	1	0.0454545454545455
Dnajc1	0	0	0	0	0	0	0	0	0	0	0	1	0	0	0	0	0	0	0	0	0	0	1	0.0454545454545455
Elavl4	0	0	0	0	0	0	0	0	0	0	0	0.333333333333333	0	0	0	0	0	0	0	0	0	0	1	0.0454545454545455
G6pdx	0	0	0	0	0	0	0	0	0	0	0	1	0	0	0	0	0	0	0	0	0	0	1	0.0454545454545455
Kif15	0	0	0	0	0	0	0	0	0	0	0	0.25	0	0	0	0	0	0	0	0	0	0	1	0.0454545454545455
Klf7	0	0	0	0	0	0	0	0	0	0	0	1	0	0	0	0	0	0	0	0	0	0	1	0.0454545454545455
Limch1	0	0	0	0	0	0	0	0	0	0	0	0.333333333333333	0	0	0	0	0	0	0	0	0	0	1	0.0454545454545455
Lrfn5	0	0	0	0	0	0	0	0	0	0	0	1	0	0	0	0	0	0	0	0	0	0	1	0.0454545454545455
Mcu	0	0	0	0	0	0	0	0	0	0	0	0.5	0	0	0	0	0	0	0	0	0	0	1	0.0454545454545455
Swap70	0	0	0	0	0	0	0	0	0	0	0	1	0	0	0	0	0	0	0	0	0	0	1	0.0454545454545455
Wnk2	0	0	0	0	0	0	0	0	0	0	0	0.5	0	0	0	0	0	0	0	0	0	0	1	0.0454545454545455
Zfp286	0	0	0	0	0	0	0	0	0	0	0	0.5	0	0	0	0	0	0	0	0	0	0	1	0.0454545454545455
AU015836	0	0	0	0	0	0	0	0	0	0	0	0	1	0	0	0	0	0	0	0	0	0	1	0.0454545454545455
Bco1	0	0	0	0	0	0	0	0	0	0	0	0	1	0	0	0	0	0	0	0	0	0	1	0.0454545454545455
Ccdc66	0	0	0	0	0	0	0	0	0	0	0	0	0.25	0	0	0	0	0	0	0	0	0	1	0.0454545454545455
Epb41l5	0	0	0	0	0	0	0	0	0	0	0	0	0.2	0	0	0	0	0	0	0	0	0	1	0.0454545454545455
Fbxo16	0	0	0	0	0	0	0	0	0	0	0	0	1	0	0	0	0	0	0	0	0	0	1	0.0454545454545455
Kars	0	0	0	0	0	0	0	0	0	0	0	0	1	0	0	0	0	0	0	0	0	0	1	0.0454545454545455
Kcnt2	0	0	0	0	0	0	0	0	0	0	0	0	0.333333333333333	0	0	0	0	0	0	0	0	0	1	0.0454545454545455
Map3k15	0	0	0	0	0	0	0	0	0	0	0	0	0.166666666666667	0	0	0	0	0	0	0	0	0	1	0.0454545454545455
Map3k5	0	0	0	0	0	0	0	0	0	0	0	0	0.333333333333333	0	0	0	0	0	0	0	0	0	1	0.0454545454545455
Neu4	0	0	0	0	0	0	0	0	0	0	0	0	1	0	0	0	0	0	0	0	0	0	1	0.0454545454545455
Nrcam	0	0	0	0	0	0	0	0	0	0	0	0	0.5	0	0	0	0	0	0	0	0	0	1	0.0454545454545455
Pard3	0	0	0	0	0	0	0	0	0	0	0	0	0.25	0	0	0	0	0	0	0	0	0	1	0.0454545454545455
Patl1	0	0	0	0	0	0	0	0	0	0	0	0	0.5	0	0	0	0	0	0	0	0	0	1	0.0454545454545455
Pfdn4	0	0	0	0	0	0	0	0	0	0	0	0	0.5	0	0	0	0	0	0	0	0	0	1	0.0454545454545455
Sap30	0	0	0	0	0	0	0	0	0	0	0	0	0.5	0	0	0	0	0	0	0	0	0	1	0.0454545454545455
Tbcd	0	0	0	0	0	0	0	0	0	0	0	0	0.5	0	0	0	0	0	0	0	0	0	1	0.0454545454545455
U2surp	0	0	0	0	0	0	0	0	0	0	0	0	0.166666666666667	0	0	0	0	0	0	0	0	0	1	0.0454545454545455
Usp21	0	0	0	0	0	0	0	0	0	0	0	0	0.5	0	0	0	0	0	0	0	0	0	1	0.0454545454545455
Wdr90	0	0	0	0	0	0	0	0	0	0	0	0	0.5	0	0	0	0	0	0	0	0	0	1	0.0454545454545455
Ybey	0	0	0	0	0	0	0	0	0	0	0	0	1	0	0	0	0	0	0	0	0	0	1	0.0454545454545455
Auts2	0	0	0	0	0	0	0	0	0	0	0	0	0	0.25	0	0	0	0	0	0	0	0	1	0.0454545454545455
Cngb1	0	0	0	0	0	0	0	0	0	0	0	0	0	0.333333333333333	0	0	0	0	0	0	0	0	1	0.0454545454545455
Crispld2	0	0	0	0	0	0	0	0	0	0	0	0	0	0.5	0	0	0	0	0	0	0	0	1	0.0454545454545455
Csde1	0	0	0	0	0	0	0	0	0	0	0	0	0	0.166666666666667	0	0	0	0	0	0	0	0	1	0.0454545454545455
Mastl	0	0	0	0	0	0	0	0	0	0	0	0	0	0.25	0	0	0	0	0	0	0	0	1	0.0454545454545455
Mir290b	0	0	0	0	0	0	0	0	0	0	0	0	0	1	0	0	0	0	0	0	0	0	1	0.0454545454545455
Myh3	0	0	0	0	0	0	0	0	0	0	0	0	0	0.333333333333333	0	0	0	0	0	0	0	0	1	0.0454545454545455
Prom1	0	0	0	0	0	0	0	0	0	0	0	0	0	0.142857142857143	0	0	0	0	0	0	0	0	1	0.0454545454545455
Prpsap1	0	0	0	0	0	0	0	0	0	0	0	0	0	1	0	0	0	0	0	0	0	0	1	0.0454545454545455
Ptk2	0	0	0	0	0	0	0	0	0	0	0	0	0	0.2	0	0	0	0	0	0	0	0	1	0.0454545454545455
Srp72	0	0	0	0	0	0	0	0	0	0	0	0	0	0.5	0	0	0	0	0	0	0	0	1	0.0454545454545455
Stk38	0	0	0	0	0	0	0	0	0	0	0	0	0	0.5	0	0	0	0	0	0	0	0	1	0.0454545454545455
Tpbg	0	0	0	0	0	0	0	0	0	0	0	0	0	0.333333333333333	0	0	0	0	0	0	0	0	1	0.0454545454545455
Adcy10	0	0	0	0	0	0.5	0	0	0	0	0	0	0	0	0	0	0	0	0	0	0	0	1	0.0454545454545455
Caap1	0	0	0	0	0	0.333333333333333	0	0	0	0	0	0	0	0	0	0	0	0	0	0	0	0	1	0.0454545454545455
Cep44	0	0	0	0	0	1	0	0	0	0	0	0	0	0	0	0	0	0	0	0	0	0	1	0.0454545454545455
Cyp26a1	0	0	0	0	0	0.333333333333333	0	0	0	0	0	0	0	0	0	0	0	0	0	0	0	0	1	0.0454545454545455
Dnah6	0	0	0	0	0	0.111111111111111	0	0	0	0	0	0	0	0	0	0	0	0	0	0	0	0	1	0.0454545454545455
Fnip2	0	0	0	0	0	0.5	0	0	0	0	0	0	0	0	0	0	0	0	0	0	0	0	1	0.0454545454545455
Ltn1	0	0	0	0	0	0.2	0	0	0	0	0	0	0	0	0	0	0	0	0	0	0	0	1	0.0454545454545455
Mettl9	0	0	0	0	0	0.5	0	0	0	0	0	0	0	0	0	0	0	0	0	0	0	0	1	0.0454545454545455
Mosmo	0	0	0	0	0	1	0	0	0	0	0	0	0	0	0	0	0	0	0	0	0	0	1	0.0454545454545455
Pak1ip1	0	0	0	0	0	1	0	0	0	0	0	0	0	0	0	0	0	0	0	0	0	0	1	0.0454545454545455
Parp14	0	0	0	0	0	0.5	0	0	0	0	0	0	0	0	0	0	0	0	0	0	0	0	1	0.0454545454545455
Pdia3	0	0	0	0	0	1	0	0	0	0	0	0	0	0	0	0	0	0	0	0	0	0	1	0.0454545454545455
Plod2	0	0	0	0	0	0.333333333333333	0	0	0	0	0	0	0	0	0	0	0	0	0	0	0	0	1	0.0454545454545455
Sbno1	0	0	0	0	0	0.2	0	0	0	0	0	0	0	0	0	0	0	0	0	0	0	0	1	0.0454545454545455
Slc12a6	0	0	0	0	0	1	0	0	0	0	0	0	0	0	0	0	0	0	0	0	0	0	1	0.0454545454545455
Slc15a1	0	0	0	0	0	0.25	0	0	0	0	0	0	0	0	0	0	0	0	0	0	0	0	1	0.0454545454545455
Smarcad1	0	0	0	0	0	0.2	0	0	0	0	0	0	0	0	0	0	0	0	0	0	0	0	1	0.0454545454545455
Snx16	0	0	0	0	0	1	0	0	0	0	0	0	0	0	0	0	0	0	0	0	0	0	1	0.0454545454545455
Tbl1x	0	0	0	0	0	0.25	0	0	0	0	0	0	0	0	0	0	0	0	0	0	0	0	1	0.0454545454545455
Tcf7l2	0	0	0	0	0	0.2	0	0	0	0	0	0	0	0	0	0	0	0	0	0	0	0	1	0.0454545454545455
Tmem260	0	0	0	0	0	1	0	0	0	0	0	0	0	0	0	0	0	0	0	0	0	0	1	0.0454545454545455
Tomm70a	0	0	0	0	0	0.333333333333333	0	0	0	0	0	0	0	0	0	0	0	0	0	0	0	0	1	0.0454545454545455
Ttc23	0	0	0	0	0	0.5	0	0	0	0	0	0	0	0	0	0	0	0	0	0	0	0	1	0.0454545454545455
Tusc3	0	0	0	0	0	0.5	0	0	0	0	0	0	0	0	0	0	0	0	0	0	0	0	1	0.0454545454545455
Unc13c	0	0	0	0	0	0.25	0	0	0	0	0	0	0	0	0	0	0	0	0	0	0	0	1	0.0454545454545455
Vps13b	0	0	0	0	0	0.142857142857143	0	0	0	0	0	0	0	0	0	0	0	0	0	0	0	0	1	0.0454545454545455
Xrn2	0	0	0	0	0	0.333333333333333	0	0	0	0	0	0	0	0	0	0	0	0	0	0	0	0	1	0.0454545454545455
Bbx	0	0	0	0	0	0	0	0	0	0	0	0	0	0	1	0	0	0	0	0	0	0	1	0.0454545454545455
Col25a1	0	0	0	0	0	0	0	0	0	0	0	0	0	0	0.333333333333333	0	0	0	0	0	0	0	1	0.0454545454545455
Cramp1	0	0	0	0	0	0	0	0	0	0	0	0	0	0	0.2	0	0	0	0	0	0	0	1	0.0454545454545455
Egfem1	0	0	0	0	0	0	0	0	0	0	0	0	0	0	0.333333333333333	0	0	0	0	0	0	0	1	0.0454545454545455
Gnas	0	0	0	0	0	0	0	0	0	0	0	0	0	0	0.25	0	0	0	0	0	0	0	1	0.0454545454545455
Lyn	0	0	0	0	0	0	0	0	0	0	0	0	0	0	0.5	0	0	0	0	0	0	0	1	0.0454545454545455
Me2	0	0	0	0	0	0	0	0	0	0	0	0	0	0	0.5	0	0	0	0	0	0	0	1	0.0454545454545455
Nckap1l	0	0	0	0	0	0	0	0	0	0	0	0	0	0	0.5	0	0	0	0	0	0	0	1	0.0454545454545455
Onecut1	0	0	0	0	0	0	0	0	0	0	0	0	0	0	1	0	0	0	0	0	0	0	1	0.0454545454545455
Slc5a8	0	0	0	0	0	0	0	0	0	0	0	0	0	0	1	0	0	0	0	0	0	0	1	0.0454545454545455
Syne2	0	0	0	0	0	0	0	0	0	0	0	0	0	0	0.0833333333333333	0	0	0	0	0	0	0	1	0.0454545454545455
Uqcrq	0	0	0	0	0	0	0	0	0	0	0	0	0	0	0.5	0	0	0	0	0	0	0	1	0.0454545454545455
A330008L17Rik	0	0	0	0	0	0	0.5	0	0	0	0	0	0	0	0	0	0	0	0	0	0	0	1	0.0454545454545455
Apbb1ip	0	0	0	0	0	0	0.142857142857143	0	0	0	0	0	0	0	0	0	0	0	0	0	0	0	1	0.0454545454545455
Hormad2	0	0	0	0	0	0	1	0	0	0	0	0	0	0	0	0	0	0	0	0	0	0	1	0.0454545454545455
Ppp3cb	0	0	0	0	0	0	0.25	0	0	0	0	0	0	0	0	0	0	0	0	0	0	0	1	0.0454545454545455
Serpine2	0	0	0	0	0	0	1	0	0	0	0	0	0	0	0	0	0	0	0	0	0	0	1	0.0454545454545455
Tenm1	0	0	0	0	0	0	0.166666666666667	0	0	0	0	0	0	0	0	0	0	0	0	0	0	0	1	0.0454545454545455
Tmem87b	0	0	0	0	0	0	0.333333333333333	0	0	0	0	0	0	0	0	0	0	0	0	0	0	0	1	0.0454545454545455
Vwa8	0	0	0	0	0	0	0.25	0	0	0	0	0	0	0	0	0	0	0	0	0	0	0	1	0.0454545454545455
Zcwpw1	0	0	0	0	0	0	0.5	0	0	0	0	0	0	0	0	0	0	0	0	0	0	0	1	0.0454545454545455
Cth	0	0	0	0	0	0	0	0	0	0	0	0	0	0	0	1	0	0	0	0	0	0	1	0.0454545454545455
Hdgfl3	0	0	0	0	0	0	0	0	0	0	0	0	0	0	0	0.5	0	0	0	0	0	0	1	0.0454545454545455
Igf1	0	0	0	0	0	0	0	0	0	0	0	0	0	0	0	1	0	0	0	0	0	0	1	0.0454545454545455
M1ap	0	0	0	0	0	0	0	0	0	0	0	0	0	0	0	0.5	0	0	0	0	0	0	1	0.0454545454545455
Pcdhb21	0	0	0	0	0	0	0	0	0	0	0	0	0	0	0	1	0	0	0	0	0	0	1	0.0454545454545455
Pde4d	0	0	0	0	0	0	0	0	0	0	0	0	0	0	0	0.25	0	0	0	0	0	0	1	0.0454545454545455
Bbs9	0	0	0	0	0	0	0	0	0	0	0	0	0	0	0	0	0.5	0	0	0	0	0	1	0.0454545454545455
Col1a1	0	0	0	0	0	0	0	0	0	0	0	0	0	0	0	0	0.5	0	0	0	0	0	1	0.0454545454545455
Commd5	0	0	0	0	0	0	0	0	0	0	0	0	0	0	0	0	1	0	0	0	0	0	1	0.0454545454545455
Exoc2	0	0	0	0	0	0	0	0	0	0	0	0	0	0	0	0	0.333333333333333	0	0	0	0	0	1	0.0454545454545455
Fam169b	0	0	0	0	0	0	0	0	0	0	0	0	0	0	0	0	0.25	0	0	0	0	0	1	0.0454545454545455
Heph	0	0	0	0	0	0	0	0	0	0	0	0	0	0	0	0	0.333333333333333	0	0	0	0	0	1	0.0454545454545455
Inpp5e	0	0	0	0	0	0	0	0	0	0	0	0	0	0	0	0	1	0	0	0	0	0	1	0.0454545454545455
Itm2a	0	0	0	0	0	0	0	0	0	0	0	0	0	0	0	0	1	0	0	0	0	0	1	0.0454545454545455
Mlf1	0	0	0	0	0	0	0	0	0	0	0	0	0	0	0	0	0.5	0	0	0	0	0	1	0.0454545454545455
Pcbp2	0	0	0	0	0	0	0	0	0	0	0	0	0	0	0	0	0.25	0	0	0	0	0	1	0.0454545454545455
Pcdhgb6	0	0	0	0	0	0	0	0	0	0	0	0	0	0	0	0	1	0	0	0	0	0	1	0.0454545454545455
Smyd2	0	0	0	0	0	0	0	0	0	0	0	0	0	0	0	0	1	0	0	0	0	0	1	0.0454545454545455
Spata7	0	0	0	0	0	0	0	0	0	0	0	0	0	0	0	0	1	0	0	0	0	0	1	0.0454545454545455
Stambpl1	0	0	0	0	0	0	0	0	0	0	0	0	0	0	0	0	0.5	0	0	0	0	0	1	0.0454545454545455
Supt20	0	0	0	0	0	0	0	0	0	0	0	0	0	0	0	0	0.5	0	0	0	0	0	1	0.0454545454545455
Abca13	0	0	0	0	0	0	0	0	0	0	0	0	0	0	0	0	0	0.142857142857143	0	0	0	0	1	0.0454545454545455
Adgrg6	0	0	0	0	0	0	0	0	0	0	0	0	0	0	0	0	0	0.25	0	0	0	0	1	0.0454545454545455
Arhgap29	0	0	0	0	0	0	0	0	0	0	0	0	0	0	0	0	0	0.333333333333333	0	0	0	0	1	0.0454545454545455
Bdp1	0	0	0	0	0	0	0	0	0	0	0	0	0	0	0	0	0	0.125	0	0	0	0	1	0.0454545454545455
Cacna2d3	0	0	0	0	0	0	0	0	0	0	0	0	0	0	0	0	0	0.5	0	0	0	0	1	0.0454545454545455
Camk2g	0	0	0	0	0	0	0	0	0	0	0	0	0	0	0	0	0	1	0	0	0	0	1	0.0454545454545455
Carf	0	0	0	0	0	0	0	0	0	0	0	0	0	0	0	0	0	1	0	0	0	0	1	0.0454545454545455
Col4a5	0	0	0	0	0	0	0	0	0	0	0	0	0	0	0	0	0	0.166666666666667	0	0	0	0	1	0.0454545454545455
Cops2	0	0	0	0	0	0	0	0	0	0	0	0	0	0	0	0	0	1	0	0	0	0	1	0.0454545454545455
D930020B18Rik	0	0	0	0	0	0	0	0	0	0	0	0	0	0	0	0	0	0.5	0	0	0	0	1	0.0454545454545455
Dhx9	0	0	0	0	0	0	0	0	0	0	0	0	0	0	0	0	0	0.166666666666667	0	0	0	0	1	0.0454545454545455
Eef1d	0	0	0	0	0	0	0	0	0	0	0	0	0	0	0	0	0	1	0	0	0	0	1	0.0454545454545455
Erbb3	0	0	0	0	0	0	0	0	0	0	0	0	0	0	0	0	0	0.333333333333333	0	0	0	0	1	0.0454545454545455
Fam120b	0	0	0	0	0	0	0	0	0	0	0	0	0	0	0	0	0	1	0	0	0	0	1	0.0454545454545455
Idh3a	0	0	0	0	0	0	0	0	0	0	0	0	0	0	0	0	0	0.5	0	0	0	0	1	0.0454545454545455
Itfg1	0	0	0	0	0	0	0	0	0	0	0	0	0	0	0	0	0	0.25	0	0	0	0	1	0.0454545454545455
Ms4a7	0	0	0	0	0	0	0	0	0	0	0	0	0	0	0	0	0	1	0	0	0	0	1	0.0454545454545455
Mtpap	0	0	0	0	0	0	0	0	0	0	0	0	0	0	0	0	0	0.25	0	0	0	0	1	0.0454545454545455
Npas3	0	0	0	0	0	0	0	0	0	0	0	0	0	0	0	0	0	0.333333333333333	0	0	0	0	1	0.0454545454545455
Psmc2	0	0	0	0	0	0	0	0	0	0	0	0	0	0	0	0	0	1	0	0	0	0	1	0.0454545454545455
Ptprz1	0	0	0	0	0	0	0	0	0	0	0	0	0	0	0	0	0	0.2	0	0	0	0	1	0.0454545454545455
Sacm1l	0	0	0	0	0	0	0	0	0	0	0	0	0	0	0	0	0	0.2	0	0	0	0	1	0.0454545454545455
Serpina11	0	0	0	0	0	0	0	0	0	0	0	0	0	0	0	0	0	1	0	0	0	0	1	0.0454545454545455
Slc5a1	0	0	0	0	0	0	0	0	0	0	0	0	0	0	0	0	0	0.5	0	0	0	0	1	0.0454545454545455
Syne1	0	0	0	0	0	0	0	0	0	0	0	0	0	0	0	0	0	0.0909090909090909	0	0	0	0	1	0.0454545454545455
Tmem45a2	0	0	0	0	0	0	0	0	0	0	0	0	0	0	0	0	0	0.5	0	0	0	0	1	0.0454545454545455
Trim6	0	0	0	0	0	0	0	0	0	0	0	0	0	0	0	0	0	1	0	0	0	0	1	0.0454545454545455
Txndc16	0	0	0	0	0	0	0	0	0	0	0	0	0	0	0	0	0	0.25	0	0	0	0	1	0.0454545454545455
Vps50	0	0	0	0	0	0	0	0	0	0	0	0	0	0	0	0	0	0.333333333333333	0	0	0	0	1	0.0454545454545455
Zfc3h1	0	0	0	0	0	0	0	0	0	0	0	0	0	0	0	0	0	0.5	0	0	0	0	1	0.0454545454545455
Erbin	0	0	0	0	0	0	0	0.5	0	0	0	0	0	0	0	0	0	0	0	0	0	0	1	0.0454545454545455
Fbxl2	0	0	0	0	0	0	0	0.2	0	0	0	0	0	0	0	0	0	0	0	0	0	0	1	0.0454545454545455
Gca	0	0	0	0	0	0	0	1	0	0	0	0	0	0	0	0	0	0	0	0	0	0	1	0.0454545454545455
Il1b	0	0	0	0	0	0	0	1	0	0	0	0	0	0	0	0	0	0	0	0	0	0	1	0.0454545454545455
Knl1	0	0	0	0	0	0	0	0.25	0	0	0	0	0	0	0	0	0	0	0	0	0	0	1	0.0454545454545455
Lrriq3	0	0	0	0	0	0	0	1	0	0	0	0	0	0	0	0	0	0	0	0	0	0	1	0.0454545454545455
Mir7116	0	0	0	0	0	0	0	0.5	0	0	0	0	0	0	0	0	0	0	0	0	0	0	1	0.0454545454545455
Myo16	0	0	0	0	0	0	0	0.5	0	0	0	0	0	0	0	0	0	0	0	0	0	0	1	0.0454545454545455
Rasal2	0	0	0	0	0	0	0	0.5	0	0	0	0	0	0	0	0	0	0	0	0	0	0	1	0.0454545454545455
Scaper	0	0	0	0	0	0	0	1	0	0	0	0	0	0	0	0	0	0	0	0	0	0	1	0.0454545454545455
Trip12	0	0	0	0	0	0	0	0.142857142857143	0	0	0	0	0	0	0	0	0	0	0	0	0	0	1	0.0454545454545455
Ubxn4	0	0	0	0	0	0	0	0.5	0	0	0	0	0	0	0	0	0	0	0	0	0	0	1	0.0454545454545455
Dpysl3	0	0	0	0	0	0	0	0	0	0	0	0	0	0	0	0	0	0	1	0	0	0	1	0.0454545454545455
Dusp6	0	0	0	0	0	0	0	0	0	0	0	0	0	0	0	0	0	0	1	0	0	0	1	0.0454545454545455
Eif3k	0	0	0	0	0	0	0	0	0	0	0	0	0	0	0	0	0	0	1	0	0	0	1	0.0454545454545455
Mboat1	0	0	0	0	0	0	0	0	0	0	0	0	0	0	0	0	0	0	0.333333333333333	0	0	0	1	0.0454545454545455
Odam	0	0	0	0	0	0	0	0	0	0	0	0	0	0	0	0	0	0	0.5	0	0	0	1	0.0454545454545455
Prl7a1	0	0	0	0	0	0	0	0	0	0	0	0	0	0	0	0	0	0	1	0	0	0	1	0.0454545454545455
Trio	0	0	0	0	0	0	0	0	0	0	0	0	0	0	0	0	0	0	0.25	0	0	0	1	0.0454545454545455
Abcc2	0	0	0	0	0	0	0	0	0.25	0	0	0	0	0	0	0	0	0	0	0	0	0	1	0.0454545454545455
Acsl5	0	0	0	0	0	0	0	0	1	0	0	0	0	0	0	0	0	0	0	0	0	0	1	0.0454545454545455
Adgrg2	0	0	0	0	0	0	0	0	1	0	0	0	0	0	0	0	0	0	0	0	0	0	1	0.0454545454545455
Akr1b10	0	0	0	0	0	0	0	0	1	0	0	0	0	0	0	0	0	0	0	0	0	0	1	0.0454545454545455
Armc3	0	0	0	0	0	0	0	0	0.2	0	0	0	0	0	0	0	0	0	0	0	0	0	1	0.0454545454545455
Baiap2l1	0	0	0	0	0	0	0	0	0.333333333333333	0	0	0	0	0	0	0	0	0	0	0	0	0	1	0.0454545454545455
C4bp-ps1	0	0	0	0	0	0	0	0	1	0	0	0	0	0	0	0	0	0	0	0	0	0	1	0.0454545454545455
Cdk11b	0	0	0	0	0	0	0	0	1	0	0	0	0	0	0	0	0	0	0	0	0	0	1	0.0454545454545455
Chordc1	0	0	0	0	0	0	0	0	0.5	0	0	0	0	0	0	0	0	0	0	0	0	0	1	0.0454545454545455
Cltc	0	0	0	0	0	0	0	0	0.1	0	0	0	0	0	0	0	0	0	0	0	0	0	1	0.0454545454545455
Dsp	0	0	0	0	0	0	0	0	0.2	0	0	0	0	0	0	0	0	0	0	0	0	0	1	0.0454545454545455
Gc	0	0	0	0	0	0	0	0	0.333333333333333	0	0	0	0	0	0	0	0	0	0	0	0	0	1	0.0454545454545455
Gtf3a	0	0	0	0	0	0	0	0	1	0	0	0	0	0	0	0	0	0	0	0	0	0	1	0.0454545454545455
Ift172	0	0	0	0	0	0	0	0	0.333333333333333	0	0	0	0	0	0	0	0	0	0	0	0	0	1	0.0454545454545455
Insyn2a	0	0	0	0	0	0	0	0	1	0	0	0	0	0	0	0	0	0	0	0	0	0	1	0.0454545454545455
Kmt2e	0	0	0	0	0	0	0	0	0.25	0	0	0	0	0	0	0	0	0	0	0	0	0	1	0.0454545454545455
Lama2	0	0	0	0	0	0	0	0	0.111111111111111	0	0	0	0	0	0	0	0	0	0	0	0	0	1	0.0454545454545455
Lrrc36	0	0	0	0	0	0	0	0	0.333333333333333	0	0	0	0	0	0	0	0	0	0	0	0	0	1	0.0454545454545455
Map2k5	0	0	0	0	0	0	0	0	0.333333333333333	0	0	0	0	0	0	0	0	0	0	0	0	0	1	0.0454545454545455
Nek10	0	0	0	0	0	0	0	0	0.5	0	0	0	0	0	0	0	0	0	0	0	0	0	1	0.0454545454545455
Ntn1	0	0	0	0	0	0	0	0	1	0	0	0	0	0	0	0	0	0	0	0	0	0	1	0.0454545454545455
Pcf11	0	0	0	0	0	0	0	0	0.2	0	0	0	0	0	0	0	0	0	0	0	0	0	1	0.0454545454545455
Pcm1	0	0	0	0	0	0	0	0	0.25	0	0	0	0	0	0	0	0	0	0	0	0	0	1	0.0454545454545455
Pcolce2	0	0	0	0	0	0	0	0	0.25	0	0	0	0	0	0	0	0	0	0	0	0	0	1	0.0454545454545455
Phactr4	0	0	0	0	0	0	0	0	0.333333333333333	0	0	0	0	0	0	0	0	0	0	0	0	0	1	0.0454545454545455
Pibf1	0	0	0	0	0	0	0	0	0.2	0	0	0	0	0	0	0	0	0	0	0	0	0	1	0.0454545454545455
Pign	0	0	0	0	0	0	0	0	0.25	0	0	0	0	0	0	0	0	0	0	0	0	0	1	0.0454545454545455
Polr3b	0	0	0	0	0	0	0	0	0.5	0	0	0	0	0	0	0	0	0	0	0	0	0	1	0.0454545454545455
Prune2	0	0	0	0	0	0	0	0	0.333333333333333	0	0	0	0	0	0	0	0	0	0	0	0	0	1	0.0454545454545455
Ptpn12	0	0	0	0	0	0	0	0	1	0	0	0	0	0	0	0	0	0	0	0	0	0	1	0.0454545454545455
Rap2b	0	0	0	0	0	0	0	0	0.25	0	0	0	0	0	0	0	0	0	0	0	0	0	1	0.0454545454545455
Smarca1	0	0	0	0	0	0	0	0	0.333333333333333	0	0	0	0	0	0	0	0	0	0	0	0	0	1	0.0454545454545455
Smgc	0	0	0	0	0	0	0	0	0.125	0	0	0	0	0	0	0	0	0	0	0	0	0	1	0.0454545454545455
Tcaf3	0	0	0	0	0	0	0	0	0.5	0	0	0	0	0	0	0	0	0	0	0	0	0	1	0.0454545454545455
Thyn1	0	0	0	0	0	0	0	0	1	0	0	0	0	0	0	0	0	0	0	0	0	0	1	0.0454545454545455
Adam22	0	0	0	0	0	0	0	0	0	0	0	0	0	0	0	0	0	0	0	0.25	0	0	1	0.0454545454545455
Adamdec1	0	0	0	0	0	0	0	0	0	0	0	0	0	0	0	0	0	0	0	0.333333333333333	0	0	1	0.0454545454545455
Aifm2	0	0	0	0	0	0	0	0	0	0	0	0	0	0	0	0	0	0	0	1	0	0	1	0.0454545454545455
Atg12	0	0	0	0	0	0	0	0	0	0	0	0	0	0	0	0	0	0	0	0.5	0	0	1	0.0454545454545455
Cc2d2a	0	0	0	0	0	0	0	0	0	0	0	0	0	0	0	0	0	0	0	0.142857142857143	0	0	1	0.0454545454545455
Ccbe1	0	0	0	0	0	0	0	0	0	0	0	0	0	0	0	0	0	0	0	0.5	0	0	1	0.0454545454545455
Cep192	0	0	0	0	0	0	0	0	0	0	0	0	0	0	0	0	0	0	0	0.0909090909090909	0	0	1	0.0454545454545455
Entpd6	0	0	0	0	0	0	0	0	0	0	0	0	0	0	0	0	0	0	0	1	0	0	1	0.0454545454545455
Ercc5	0	0	0	0	0	0	0	0	0	0	0	0	0	0	0	0	0	0	0	0.333333333333333	0	0	1	0.0454545454545455
Fam81a	0	0	0	0	0	0	0	0	0	0	0	0	0	0	0	0	0	0	0	1	0	0	1	0.0454545454545455
Grik1	0	0	0	0	0	0	0	0	0	0	0	0	0	0	0	0	0	0	0	1	0	0	1	0.0454545454545455
Herpud2	0	0	0	0	0	0	0	0	0	0	0	0	0	0	0	0	0	0	0	0.25	0	0	1	0.0454545454545455
Hexb	0	0	0	0	0	0	0	0	0	0	0	0	0	0	0	0	0	0	0	0.333333333333333	0	0	1	0.0454545454545455
Hp1bp3	0	0	0	0	0	0	0	0	0	0	0	0	0	0	0	0	0	0	0	0.333333333333333	0	0	1	0.0454545454545455
Ift74	0	0	0	0	0	0	0	0	0	0	0	0	0	0	0	0	0	0	0	1	0	0	1	0.0454545454545455
Ints2	0	0	0	0	0	0	0	0	0	0	0	0	0	0	0	0	0	0	0	0.2	0	0	1	0.0454545454545455
Mindy3	0	0	0	0	0	0	0	0	0	0	0	0	0	0	0	0	0	0	0	0.25	0	0	1	0.0454545454545455
Mmp3	0	0	0	0	0	0	0	0	0	0	0	0	0	0	0	0	0	0	0	1	0	0	1	0.0454545454545455
Numb	0	0	0	0	0	0	0	0	0	0	0	0	0	0	0	0	0	0	0	1	0	0	1	0.0454545454545455
Orc3	0	0	0	0	0	0	0	0	0	0	0	0	0	0	0	0	0	0	0	0.25	0	0	1	0.0454545454545455
Pcnt	0	0	0	0	0	0	0	0	0	0	0	0	0	0	0	0	0	0	0	0.333333333333333	0	0	1	0.0454545454545455
Prpf38b	0	0	0	0	0	0	0	0	0	0	0	0	0	0	0	0	0	0	0	0.5	0	0	1	0.0454545454545455
Rims1	0	0	0	0	0	0	0	0	0	0	0	0	0	0	0	0	0	0	0	0.2	0	0	1	0.0454545454545455
Sag	0	0	0	0	0	0	0	0	0	0	0	0	0	0	0	0	0	0	0	1	0	0	1	0.0454545454545455
Sema4d	0	0	0	0	0	0	0	0	0	0	0	0	0	0	0	0	0	0	0	0.5	0	0	1	0.0454545454545455
Slc33a1	0	0	0	0	0	0	0	0	0	0	0	0	0	0	0	0	0	0	0	0.5	0	0	1	0.0454545454545455
Stam2	0	0	0	0	0	0	0	0	0	0	0	0	0	0	0	0	0	0	0	1	0	0	1	0.0454545454545455
Stard9	0	0	0	0	0	0	0	0	0	0	0	0	0	0	0	0	0	0	0	0.25	0	0	1	0.0454545454545455
Usp6nl	0	0	0	0	0	0	0	0	0	0	0	0	0	0	0	0	0	0	0	1	0	0	1	0.0454545454545455
Yes1	0	0	0	0	0	0	0	0	0	0	0	0	0	0	0	0	0	0	0	0.5	0	0	1	0.0454545454545455
Zbtb20	0	0	0	0	0	0	0	0	0	0	0	0	0	0	0	0	0	0	0	0.2	0	0	1	0.0454545454545455
Zfp91	0	0	0	0	0	0	0	0	0	0	0	0	0	0	0	0	0	0	0	0.333333333333333	0	0	1	0.0454545454545455
1700034E13Rik	0	0	0	0	0	0	0	0	0	0	0	0	0	0	0	0	0	0	0	0	1	0	1	0.0454545454545455
4930471G03Rik	0	0	0	0	0	0	0	0	0	0	0	0	0	0	0	0	0	0	0	0	1	0	1	0.0454545454545455
Cdk5rap1	0	0	0	0	0	0	0	0	0	0	0	0	0	0	0	0	0	0	0	0	0.5	0	1	0.0454545454545455
Col19a1	0	0	0	0	0	0	0	0	0	0	0	0	0	0	0	0	0	0	0	0	0.125	0	1	0.0454545454545455
Cops3	0	0	0	0	0	0	0	0	0	0	0	0	0	0	0	0	0	0	0	0	1	0	1	0.0454545454545455
Cpa4	0	0	0	0	0	0	0	0	0	0	0	0	0	0	0	0	0	0	0	0	1	0	1	0.0454545454545455
Dennd5b	0	0	0	0	0	0	0	0	0	0	0	0	0	0	0	0	0	0	0	0	0.166666666666667	0	1	0.0454545454545455
Dnaaf6	0	0	0	0	0	0	0	0	0	0	0	0	0	0	0	0	0	0	0	0	1	0	1	0.0454545454545455
Fig4	0	0	0	0	0	0	0	0	0	0	0	0	0	0	0	0	0	0	0	0	1	0	1	0.0454545454545455
Gm5464	0	0	0	0	0	0	0	0	0	0	0	0	0	0	0	0	0	0	0	0	0.5	0	1	0.0454545454545455
Lgr4	0	0	0	0	0	0	0	0	0	0	0	0	0	0	0	0	0	0	0	0	0.25	0	1	0.0454545454545455
Lmo7	0	0	0	0	0	0	0	0	0	0	0	0	0	0	0	0	0	0	0	0	0.166666666666667	0	1	0.0454545454545455
Macrod2	0	0	0	0	0	0	0	0	0	0	0	0	0	0	0	0	0	0	0	0	0.333333333333333	0	1	0.0454545454545455
Map2k1	0	0	0	0	0	0	0	0	0	0	0	0	0	0	0	0	0	0	0	0	1	0	1	0.0454545454545455
Mrc1	0	0	0	0	0	0	0	0	0	0	0	0	0	0	0	0	0	0	0	0	0.5	0	1	0.0454545454545455
Mrpl49	0	0	0	0	0	0	0	0	0	0	0	0	0	0	0	0	0	0	0	0	1	0	1	0.0454545454545455
Nras	0	0	0	0	0	0	0	0	0	0	0	0	0	0	0	0	0	0	0	0	1	0	1	0.0454545454545455
Pcca	0	0	0	0	0	0	0	0	0	0	0	0	0	0	0	0	0	0	0	0	1	0	1	0.0454545454545455
Pgap1	0	0	0	0	0	0	0	0	0	0	0	0	0	0	0	0	0	0	0	0	0.142857142857143	0	1	0.0454545454545455
Ripor2	0	0	0	0	0	0	0	0	0	0	0	0	0	0	0	0	0	0	0	0	0.333333333333333	0	1	0.0454545454545455
Rnf212b	0	0	0	0	0	0	0	0	0	0	0	0	0	0	0	0	0	0	0	0	0.5	0	1	0.0454545454545455
Rnf213	0	0	0	0	0	0	0	0	0	0	0	0	0	0	0	0	0	0	0	0	1	0	1	0.0454545454545455
Tbxas1	0	0	0	0	0	0	0	0	0	0	0	0	0	0	0	0	0	0	0	0	0.333333333333333	0	1	0.0454545454545455
Tln2	0	0	0	0	0	0	0	0	0	0	0	0	0	0	0	0	0	0	0	0	0.125	0	1	0.0454545454545455
Uts2	0	0	0	0	0	0	0	0	0	0	0	0	0	0	0	0	0	0	0	0	1	0	1	0.0454545454545455
Xpr1	0	0	0	0	0	0	0	0	0	0	0	0	0	0	0	0	0	0	0	0	0.5	0	1	0.0454545454545455
Zfp939	0	0	0	0	0	0	0	0	0	0	0	0	0	0	0	0	0	0	0	0	1	0	1	0.0454545454545455
Afg3l1	0	0	0	0	0	0	0	0	0	0	0	0	0	0	0	0	0	0	0	0	0	1	1	0.0454545454545455
Aimp1	0	0	0	0	0	0	0	0	0	0	0	0	0	0	0	0	0	0	0	0	0	1	1	0.0454545454545455
Akap8l	0	0	0	0	0	0	0	0	0	0	0	0	0	0	0	0	0	0	0	0	0	1	1	0.0454545454545455
Alcam	0	0	0	0	0	0	0	0	0	0	0	0	0	0	0	0	0	0	0	0	0	0.5	1	0.0454545454545455
Aplnr	0	0	0	0	0	0	0	0	0	0	0	0	0	0	0	0	0	0	0	0	0	0.5	1	0.0454545454545455
Arhgap18	0	0	0	0	0	0	0	0	0	0	0	0	0	0	0	0	0	0	0	0	0	0.25	1	0.0454545454545455
Atp1b4	0	0	0	0	0	0	0	0	0	0	0	0	0	0	0	0	0	0	0	0	0	0.5	1	0.0454545454545455
Cfap221	0	0	0	0	0	0	0	0	0	0	0	0	0	0	0	0	0	0	0	0	0	0.5	1	0.0454545454545455
Cmtm1	0	0	0	0	0	0	0	0	0	0	0	0	0	0	0	0	0	0	0	0	0	1	1	0.0454545454545455
Col23a1	0	0	0	0	0	0	0	0	0	0	0	0	0	0	0	0	0	0	0	0	0	0.333333333333333	1	0.0454545454545455
Col5a3	0	0	0	0	0	0	0	0	0	0	0	0	0	0	0	0	0	0	0	0	0	0.333333333333333	1	0.0454545454545455
Crls1	0	0	0	0	0	0	0	0	0	0	0	0	0	0	0	0	0	0	0	0	0	0.5	1	0.0454545454545455
Dclre1c	0	0	0	0	0	0	0	0	0	0	0	0	0	0	0	0	0	0	0	0	0	1	1	0.0454545454545455
Dnai4	0	0	0	0	0	0	0	0	0	0	0	0	0	0	0	0	0	0	0	0	0	0.333333333333333	1	0.0454545454545455
Eif5	0	0	0	0	0	0	0	0	0	0	0	0	0	0	0	0	0	0	0	0	0	0.333333333333333	1	0.0454545454545455
Fbxo42	0	0	0	0	0	0	0	0	0	0	0	0	0	0	0	0	0	0	0	0	0	1	1	0.0454545454545455
G6pc2	0	0	0	0	0	0	0	0	0	0	0	0	0	0	0	0	0	0	0	0	0	1	1	0.0454545454545455
Lrp1b	0	0	0	0	0	0	0	0	0	0	0	0	0	0	0	0	0	0	0	0	0	0.0588235294117647	1	0.0454545454545455
Mbd5	0	0	0	0	0	0	0	0	0	0	0	0	0	0	0	0	0	0	0	0	0	0.5	1	0.0454545454545455
Mmp27	0	0	0	0	0	0	0	0	0	0	0	0	0	0	0	0	0	0	0	0	0	0.5	1	0.0454545454545455
Narf	0	0	0	0	0	0	0	0	0	0	0	0	0	0	0	0	0	0	0	0	0	1	1	0.0454545454545455
Pde7a	0	0	0	0	0	0	0	0	0	0	0	0	0	0	0	0	0	0	0	0	0	0.333333333333333	1	0.0454545454545455
Pds5b	0	0	0	0	0	0	0	0	0	0	0	0	0	0	0	0	0	0	0	0	0	1	1	0.0454545454545455
Pgm1	0	0	0	0	0	0	0	0	0	0	0	0	0	0	0	0	0	0	0	0	0	1	1	0.0454545454545455
Pir	0	0	0	0	0	0	0	0	0	0	0	0	0	0	0	0	0	0	0	0	0	0.5	1	0.0454545454545455
Ppp4r3b	0	0	0	0	0	0	0	0	0	0	0	0	0	0	0	0	0	0	0	0	0	0.2	1	0.0454545454545455
Prrg1	0	0	0	0	0	0	0	0	0	0	0	0	0	0	0	0	0	0	0	0	0	0.333333333333333	1	0.0454545454545455
Rbm20	0	0	0	0	0	0	0	0	0	0	0	0	0	0	0	0	0	0	0	0	0	0.333333333333333	1	0.0454545454545455
Rraga	0	0	0	0	0	0	0	0	0	0	0	0	0	0	0	0	0	0	0	0	0	1	1	0.0454545454545455
Sfi1	0	0	0	0	0	0	0	0	0	0	0	0	0	0	0	0	0	0	0	0	0	1	1	0.0454545454545455
Tcp1	0	0	0	0	0	0	0	0	0	0	0	0	0	0	0	0	0	0	0	0	0	0.5	1	0.0454545454545455
Tmc2	0	0	0	0	0	0	0	0	0	0	0	0	0	0	0	0	0	0	0	0	0	1	1	0.0454545454545455
Trpm7	0	0	0	0	0	0	0	0	0	0	0	0	0	0	0	0	0	0	0	0	0	0.142857142857143	1	0.0454545454545455
Vps41	0	0	0	0	0	0	0	0	0	0	0	0	0	0	0	0	0	0	0	0	0	0.333333333333333	1	0.0454545454545455
2310030A07Rik	0	0	0	0	0	0	0	0	0	1	0	0	0	0	0	0	0	0	0	0	0	0	1	0.0454545454545455
4932438A13Rik	0	0	0	0	0	0	0	0	0	0.125	0	0	0	0	0	0	0	0	0	0	0	0	1	0.0454545454545455
Adam3	0	0	0	0	0	0	0	0	0	0.166666666666667	0	0	0	0	0	0	0	0	0	0	0	0	1	0.0454545454545455
Baz1b	0	0	0	0	0	0	0	0	0	0.5	0	0	0	0	0	0	0	0	0	0	0	0	1	0.0454545454545455
Bcor	0	0	0	0	0	0	0	0	0	0.5	0	0	0	0	0	0	0	0	0	0	0	0	1	0.0454545454545455
Catspere2	0	0	0	0	0	0	0	0	0	0.125	0	0	0	0	0	0	0	0	0	0	0	0	1	0.0454545454545455
Cd69	0	0	0	0	0	0	0	0	0	0.5	0	0	0	0	0	0	0	0	0	0	0	0	1	0.0454545454545455
Cenpl	0	0	0	0	0	0	0	0	0	0.5	0	0	0	0	0	0	0	0	0	0	0	0	1	0.0454545454545455
Cep290	0	0	0	0	0	0	0	0	0	0.25	0	0	0	0	0	0	0	0	0	0	0	0	1	0.0454545454545455
Clock	0	0	0	0	0	0	0	0	0	0.333333333333333	0	0	0	0	0	0	0	0	0	0	0	0	1	0.0454545454545455
Ddx19b	0	0	0	0	0	0	0	0	0	0.5	0	0	0	0	0	0	0	0	0	0	0	0	1	0.0454545454545455
Epb41l2	0	0	0	0	0	0	0	0	0	0.333333333333333	0	0	0	0	0	0	0	0	0	0	0	0	1	0.0454545454545455
Evi5	0	0	0	0	0	0	0	0	0	0.25	0	0	0	0	0	0	0	0	0	0	0	0	1	0.0454545454545455
Gria1	0	0	0	0	0	0	0	0	0	0.5	0	0	0	0	0	0	0	0	0	0	0	0	1	0.0454545454545455
Itgb1	0	0	0	0	0	0	0	0	0	0.5	0	0	0	0	0	0	0	0	0	0	0	0	1	0.0454545454545455
Kdm6a	0	0	0	0	0	0	0	0	0	0.2	0	0	0	0	0	0	0	0	0	0	0	0	1	0.0454545454545455
Pcdh15	0	0	0	0	0	0	0	0	0	0.5	0	0	0	0	0	0	0	0	0	0	0	0	1	0.0454545454545455
Pkd1l2	0	0	0	0	0	0	0	0	0	0.5	0	0	0	0	0	0	0	0	0	0	0	0	1	0.0454545454545455
Plb1	0	0	0	0	0	0	0	0	0	0.333333333333333	0	0	0	0	0	0	0	0	0	0	0	0	1	0.0454545454545455
Podxl	0	0	0	0	0	0	0	0	0	1	0	0	0	0	0	0	0	0	0	0	0	0	1	0.0454545454545455
Rab3gap1	0	0	0	0	0	0	0	0	0	0.2	0	0	0	0	0	0	0	0	0	0	0	0	1	0.0454545454545455
Rasgrf2	0	0	0	0	0	0	0	0	0	1	0	0	0	0	0	0	0	0	0	0	0	0	1	0.0454545454545455
Rel	0	0	0	0	0	0	0	0	0	0.5	0	0	0	0	0	0	0	0	0	0	0	0	1	0.0454545454545455
Serinc3	0	0	0	0	0	0	0	0	0	0.333333333333333	0	0	0	0	0	0	0	0	0	0	0	0	1	0.0454545454545455
Tmem186	0	0	0	0	0	0	0	0	0	1	0	0	0	0	0	0	0	0	0	0	0	0	1	0.0454545454545455
Trmt1l	0	0	0	0	0	0	0	0	0	0.5	0	0	0	0	0	0	0	0	0	0	0	0	1	0.0454545454545455
Ttc21b	0	0	0	0	0	0	0	0	0	0.2	0	0	0	0	0	0	0	0	0	0	0	0	1	0.0454545454545455
Unc13b	0	0	0	0	0	0	0	0	0	0.25	0	0	0	0	0	0	0	0	0	0	0	0	1	0.0454545454545455
Wdr92	0	0	0	0	0	0	0	0	0	0.2	0	0	0	0	0	0	0	0	0	0	0	0	1	0.0454545454545455
Zdhhc17	0	0	0	0	0	0	0	0	0	0.5	0	0	0	0	0	0	0	0	0	0	0	0	1	0.0454545454545455
Zp3	0	0	0	0	0	0	0	0	0	1	0	0	0	0	0	0	0	0	0	0	0	0	1	0.0454545454545455
